 Node WeightedCluseringCoefficient
0 0 0.08712927422098515
1 1 0.11134820804738203
2 2 0.14453977092460557
3 3 0.13013514733272882
4 4 0.08363903501712631
5 5 0.08574277922986377
6 6 0.17918333412863724
7 7 0.11760213469881944
8 8 0.161151304701982
9 9 0.07952710437107481
10 10 0.10570177966141361
11 11 0.08683334979533407
12 12 0.13549436702673612
13 13 0.09881483177444866
14 14 0.0480729111798341
15 15 0.15719373149627908
16 16 0.09380172195378576
17 17 0.11148657366052633
18 18 0.1348432179104862
19 19 0.0813864885730787
20 20 0.14874619124451394
21 21 0.10948441830235894
22 22 0.13800414148852996
23 23 0.12402802561066749
24 24 0.1630099496886191
25 25 0.12971686758325976
26 26 0.17967575196350463
27 27 0.14786824121738187
28 28 0.06914870110856575
29 29 0.09847695505265325
30 30 0.10046555453648179
31 31 0.10349474176669067
32 32 0.09041870175830888
33 33 0.11600365841798853
34 34 0.0674861034991982
35 35 0.09296114271738017
36 36 0.16109712002660523
37 37 0.12092781523018942
38 38 0.14174970117564759
39 39 0.07987710794405763
40 40 0.15606614268786514
41 41 0.1138256377941436
42 42 0.16629756454131006
43 43 0.07546910526060714
44 44 0.12010095043135355
45 45 0.08986789758116386
46 46 0.14281139330279877
47 47 0.15842094360955797
48 48 0.06255499177704194
49 49 0.14207102494367582
50 50 0.1005931630750935
51 51 0.14266003752144346
52 52 0.10190320346819472
53 53 0.09604427016868079
54 54 0.13027065197628532
55 55 0.08295075516514001
56 56 0.15127521774466277
57 57 0.12236008892646874
58 58 0.16578551145243828
59 59 0.1450325415846115
60 60 0.173394639097586
61 61 0.1690804893108067
62 62 0.09272150677042969
63 63 0.13968660457131782
64 64 0.12000795652202999
65 65 0.07597343881179106
66 66 0.09485866515078613
67 67 0.1265669206356554
