	Edge1	Edge2	W_EdgeBetweenness	U_EdgeBetweenness	EdgeType
0	0	2	0.0021949078138718174	0.0012832608519103535	periphery
1	0	6	0.0	0.0011967129126075789	periphery
2	0	8	0.0	0.0010583586598543113	periphery
3	0	9	0.0030728709394205445	0.0020389185626365765	periphery
4	0	13	0.0	0.0013034351390331458	periphery
5	0	16	0.0	0.001292338697070716	periphery
6	0	18	0.0	0.0010496944473127761	periphery
7	0	23	0.0	0.0013693295093515413	periphery
8	0	24	0.0021949078138718174	0.0010774350157390668	periphery
9	0	25	0.0	0.0009513996201980762	periphery
10	0	26	0.0	0.000851446307984393	periphery
11	0	28	0.0	0.0019253768621932685	periphery
12	0	30	0.0021949078138718174	0.0008367116633627252	periphery
13	0	34	0.01624231782265145	0.002817030413733468	periphery
14	0	36	0.0	0.0010367555477112892	periphery
15	0	38	0.0013169446883230904	0.0009324894171715984	periphery
16	0	39	0.0	0.002218552575623875	periphery
17	0	40	0.0	0.0008501881762228969	periphery
18	0	41	0.0	0.0010779754263460302	periphery
19	0	42	0.0	0.0010282220241426099	periphery
20	0	43	0.0	0.0014297339129811632	periphery
21	0	46	0.0	0.0010770383441164938	periphery
22	0	47	0.0	0.0008409358252093949	periphery
23	0	51	0.0	0.0009582922677175724	feeder
24	0	52	0.0	0.0011783852248128583	feeder
25	0	54	0.004828797190517998	0.003621550263321168	periphery
26	0	57	0.0	0.0015208432939165365	periphery
27	0	59	0.0	0.0009549692917113455	periphery
28	0	60	0.0	0.0009662571136263383	periphery
29	0	62	0.0	0.001571392508567032	feeder
30	0	64	0.0	0.0009347261522325349	periphery
31	0	65	0.0	0.001294352192595983	feeder
32	1	3	0.0	0.00172396238014876	periphery
33	1	8	0.0	0.0017576637612500394	periphery
34	1	11	0.0	0.0013724046548279272	periphery
35	1	16	0.0	0.001189558790679841	periphery
36	1	19	0.0	0.0009188694270999347	periphery
37	1	21	0.0	0.0010337011167907734	periphery
38	1	23	0.0	0.0010881004501804377	periphery
39	1	24	0.0	0.0019687246451776295	periphery
40	1	26	0.0	0.001589923451538314	periphery
41	1	28	0.0	0.0015103596610946096	periphery
42	1	29	0.0	0.001889281958604266	periphery
43	1	32	0.0	0.0010382400825271708	feeder
44	1	33	0.0	0.0010796750210679829	periphery
45	1	34	0.11281826163301141	0.001860665567324723	periphery
46	1	35	0.0	0.0009577236427744126	periphery
47	1	37	0.0	0.001588281405625809	periphery
48	1	38	0.0	0.0017846451185692849	periphery
49	1	42	0.0	0.0016281465772991419	periphery
50	1	44	0.0	0.0012347750031189843	feeder
51	1	45	0.0	0.0014371376953260715	periphery
52	1	50	0.0	0.0011561256573992024	periphery
53	1	51	0.1286215978928885	0.0016204010356133942	feeder
54	1	52	0.0	0.0009595593933312451	feeder
55	1	53	0.0	0.0009550106259372474	periphery
56	1	55	0.0	0.0007470230527360411	feeder
57	1	56	0.0276558384547849	0.0017895958045917933	periphery
58	1	57	0.0	0.001109316769623571	periphery
59	1	58	0.0	0.0017127234775846508	periphery
60	1	60	0.0	0.0013911437148671514	periphery
61	1	62	0.0	0.0012016316015836025	feeder
62	1	63	0.0	0.001139496977669845	periphery
63	1	65	0.0	0.001256330696522873	feeder
64	1	66	0.0	0.0011107228619296643	periphery
65	1	67	0.0	0.0011996421527417408	periphery
66	2	6	0.0	0.0006263091436011999	periphery
67	2	8	0.0	0.0008292161770613501	periphery
68	2	10	0.0	0.0011319918935737917	periphery
69	2	12	0.0	0.0009380273165922175	periphery
70	2	13	0.0	0.0013933986239548547	periphery
71	2	14	0.0	0.0027311742488500676	feeder
72	2	16	0.0	0.0011332482021593258	periphery
73	2	17	0.0	0.0012770067286344935	periphery
74	2	18	0.0	0.0007283029832984815	periphery
75	2	21	0.0	0.0014372508717527726	periphery
76	2	23	0.0	0.0014184647918774078	periphery
77	2	24	0.0	0.0007394786116601906	periphery
78	2	25	0.0	0.0011371245866427708	periphery
79	2	26	0.0	0.0008373110896083214	periphery
80	2	29	0.007462686567164179	0.004439945964082896	periphery
81	2	35	0.05706760316066725	0.0015647551197775222	periphery
82	2	36	0.0	0.0007056842190432036	periphery
83	2	38	0.0	0.0007571561289986266	periphery
84	2	40	0.0	0.0010456881916793132	periphery
85	2	41	0.0	0.0008486781264248753	periphery
86	2	42	0.0	0.0008755237810141646	periphery
87	2	46	0.0	0.0009124123399382508	periphery
88	2	47	0.0	0.0007512962813861659	periphery
89	2	51	0.0	0.0009405611207063551	feeder
90	2	57	0.024143985952589993	0.001460747551679993	periphery
91	2	58	0.0	0.0008084461872782941	periphery
92	2	59	0.0	0.0013741340372499012	periphery
93	2	60	0.0	0.0009371780304913644	periphery
94	3	5	0.009657594381035996	0.001694704335456307	periphery
95	3	9	0.0	0.0014660955339523979	periphery
96	3	11	0.0	0.0007120941932903716	periphery
97	3	14	0.0	0.0020948798125400635	feeder
98	3	15	0.0	0.0008067439712481016	periphery
99	3	19	0.0	0.0015699671151631295	periphery
100	3	20	0.0	0.00134547197866019	periphery
101	3	22	0.0	0.0014134538530854678	periphery
102	3	23	0.0	0.002884623233726061	periphery
103	3	27	0.0	0.0008959589860948266	periphery
104	3	32	0.0	0.001492350495917258	feeder
105	3	33	0.0	0.00115263814501881	periphery
106	3	34	0.019754170324846356	0.0012566808673626024	periphery
107	3	37	0.0	0.000520071212564628	periphery
108	3	39	0.0	0.0017694760932367838	periphery
109	3	43	0.0	0.0019020644482500915	periphery
110	3	45	0.0	0.0009557055091287794	periphery
111	3	48	0.0	0.0010875089656022965	periphery
112	3	49	0.0	0.0007845267092228465	periphery
113	3	50	0.0	0.00103740324152175	periphery
114	3	53	0.0	0.001080488059741208	periphery
115	3	54	0.0	0.0007362735771242357	periphery
116	3	55	0.0	0.002013118806081594	feeder
117	3	56	0.0	0.0006456098658646548	periphery
118	3	57	0.0	0.003001135719341796	periphery
119	3	61	0.0	0.0008412285693723208	periphery
120	3	63	0.0	0.0007652702278995367	periphery
121	3	66	0.0	0.0008538053449319669	periphery
122	3	67	0.0	0.0008705814489312374	periphery
123	4	5	0.0	0.0019249007087093137	periphery
124	4	7	0.0	0.002074832860975	periphery
125	4	8	0.0	0.0012890334486188757	periphery
126	4	9	0.0	0.0016791675514887016	periphery
127	4	10	0.0	0.0013729647186395946	periphery
128	4	12	0.0	0.0009815438570936474	periphery
129	4	13	0.0	0.0011910372751178734	periphery
130	4	14	0.0	0.0015383577468750524	feeder
131	4	17	0.0	0.001292835497296936	periphery
132	4	21	0.029411764705882353	0.00162215892666603	periphery
133	4	24	0.0	0.0012946693897141217	periphery
134	4	25	0.0	0.001375225922303489	periphery
135	4	28	0.0	0.0014302404111879079	periphery
136	4	30	0.0	0.000723964256148536	periphery
137	4	31	0.0	0.0009522636161002333	periphery
138	4	34	0.0	0.0021071055427596378	periphery
139	4	38	0.0	0.0012174873996995562	periphery
140	4	39	0.0	0.001449510714581738	periphery
141	4	42	0.0	0.0014056618318476935	periphery
142	4	43	0.0	0.0015752267100798956	periphery
143	4	44	0.0	0.0013723561049033821	feeder
144	4	45	0.0	0.00199784884580652	periphery
145	4	46	0.0	0.0011075637020024984	periphery
146	4	48	0.0	0.0018994487354871644	periphery
147	4	51	0.0	0.0012236112760852021	feeder
148	4	58	0.0	0.001256867433711768	periphery
149	4	59	0.0	0.0014222749695720271	periphery
150	4	62	0.0	0.001576045764823466	feeder
151	4	64	0.0	0.0008322597614130179	periphery
152	4	65	0.0	0.001267952236480792	feeder
153	5	7	0.0	0.001170992805827924	periphery
154	5	9	0.0	0.0016447263141310656	periphery
155	5	10	0.0	0.0027610553833724715	periphery
156	5	11	0.0	0.0018584321349259631	periphery
157	5	12	0.0	0.0029982718299831237	periphery
158	5	13	0.0	0.00233772006100291	periphery
159	5	14	0.0	0.002154955830474413	feeder
160	5	15	0.0	0.0012203352375329856	periphery
161	5	17	0.0	0.0025959246072875457	periphery
162	5	20	0.0	0.0010563445116458594	periphery
163	5	22	0.0	0.001125800338861331	periphery
164	5	27	0.0	0.001473376281866358	periphery
165	5	28	0.0	0.0016641720548675402	periphery
166	5	29	0.0	0.0014881634461630638	periphery
167	5	37	0.02897278314310799	0.0019058179250194703	periphery
168	5	39	0.0	0.0009871781801493106	periphery
169	5	45	0.0	0.0014948677897988437	periphery
170	5	46	0.0504828797190518	0.0031721334283398954	periphery
171	5	48	0.0	0.0014182969993188493	periphery
172	5	49	0.0	0.0012333130654800849	periphery
173	5	54	0.0	0.0013639940126667389	periphery
174	5	56	0.0	0.001390820663725172	periphery
175	5	61	0.0	0.0013899464135344879	periphery
176	5	64	0.05311676909569798	0.0029510717775063124	periphery
177	5	67	0.004828797190517998	0.001723027534820645	periphery
178	6	7	0.0	0.003915893325494803	periphery
179	6	8	0.0	0.0007877568072437714	periphery
180	6	10	0.0	0.0010505948337255623	periphery
181	6	12	0.0	0.0007819827075618307	periphery
182	6	13	0.0	0.0012458213706694938	periphery
183	6	14	0.003950834064969272	0.002989550908899318	feeder
184	6	16	0.0	0.0012731990579695118	periphery
185	6	17	0.0	0.0012754793672718947	periphery
186	6	18	0.0	0.0006866421788539991	periphery
187	6	21	0.0	0.0014251669598952825	periphery
188	6	23	0.0	0.0015707382255857384	periphery
189	6	24	0.0	0.0006815113217298784	periphery
190	6	25	0.0	0.0011141122472246166	periphery
191	6	26	0.0	0.0007946552474861886	periphery
192	6	30	0.0	0.0011092624956150498	periphery
193	6	36	0.0	0.00066910242214534	periphery
194	6	38	0.0	0.0006986481748874194	periphery
195	6	40	0.0	0.0009763389095238652	periphery
196	6	41	0.0	0.0007219079360500735	periphery
197	6	42	0.0	0.0008194316924374405	periphery
198	6	44	0.02897278314310799	0.0010759208007281398	feeder
199	6	46	0.0	0.0007294623674412038	periphery
200	6	47	0.0	0.0006964465069647451	periphery
201	6	51	0.0	0.0008909214809946299	feeder
202	6	52	0.0	0.0015597291295136957	feeder
203	6	57	0.0	0.0015370931279924198	periphery
204	6	58	0.0	0.0007538577114061439	periphery
205	6	59	0.0	0.0012737773272476923	periphery
206	6	60	0.0	0.0009451731189199708	periphery
207	7	10	0.0	0.0018937658004751648	periphery
208	7	12	0.0	0.0025732894277599857	periphery
209	7	13	0.0	0.0014431129025000546	periphery
210	7	15	0.0	0.002223661725046448	periphery
211	7	17	0.0	0.001483030224351725	periphery
212	7	18	0.0	0.0028335857984670572	periphery
213	7	20	0.0	0.0015791253035126606	periphery
214	7	22	0.0	0.0016299646212527682	periphery
215	7	27	0.0	0.002718110313205037	periphery
216	7	28	0.0	0.002239222305799691	periphery
217	7	29	0.0	0.0017737262249992714	periphery
218	7	34	0.0	0.0018721576294962558	periphery
219	7	39	0.0	0.0015458609138228941	periphery
220	7	41	0.029411764705882353	0.0032127208623256563	periphery
221	7	46	0.0	0.002536386032647636	periphery
222	7	49	0.0	0.0023468204412692563	periphery
223	7	61	0.0	0.0026964519003114156	periphery
224	8	12	0.0	0.0008460325548833663	periphery
225	8	13	0.003950834064969272	0.0015967536704217075	periphery
226	8	14	0.0	0.0016637914970518064	feeder
227	8	16	0.0	0.0009579006659779265	periphery
228	8	17	0.00877963125548727	0.001713624685584228	periphery
229	8	18	0.0	0.0009696045993183792	periphery
230	8	19	0.0021949078138718174	0.002252222277701802	periphery
231	8	21	0.0	0.000973360685885523	periphery
232	8	23	0.0	0.0009162507501162915	periphery
233	8	24	0.0	0.0006257499908881093	periphery
234	8	25	0.0	0.0008109506551222459	periphery
235	8	26	0.0	0.0006695761523781271	periphery
236	8	30	0.0	0.0008910882006611129	periphery
237	8	31	0.0	0.0009566960460242737	periphery
238	8	35	0.0	0.0010265439707082334	periphery
239	8	36	0.0	0.0006532115021952378	periphery
240	8	38	0.0	0.000611479666859535	periphery
241	8	40	0.0	0.0006703417905806075	periphery
242	8	41	0.0	0.0008490185724370834	periphery
243	8	42	0.0	0.0005458914266270674	periphery
244	8	43	0.0	0.0016828548317367568	periphery
245	8	44	0.0	0.000777970433379952	feeder
246	8	46	0.0	0.0009496446662012026	periphery
247	8	47	0.0	0.0006565758466789721	periphery
248	8	48	0.024143985952589993	0.0032243959378594625	periphery
249	8	51	0.0	0.000675416195041785	feeder
250	8	52	0.0	0.0011434382108020656	feeder
251	8	55	0.0	0.0017744194908820752	feeder
252	8	57	0.0	0.0010719514350580296	periphery
253	8	58	0.0	0.0006109331224852689	periphery
254	8	59	0.0	0.0008829373611701038	periphery
255	8	60	0.0	0.00069294863799168	periphery
256	8	64	0.0	0.0009362726040932052	periphery
257	9	11	0.0	0.0010946352101451216	periphery
258	9	25	0.0	0.0021056471438454707	periphery
259	9	27	0.025899912203687446	0.002022180120954157	periphery
260	9	28	0.0	0.001613483644403987	periphery
261	9	30	0.0	0.0019532132350192576	periphery
262	9	31	0.0	0.0017329072826638339	periphery
263	9	32	0.029411764705882353	0.0013536750629944746	feeder
264	9	34	0.0	0.0011862352931660373	periphery
265	9	37	0.0	0.0016116919286373445	periphery
266	9	39	0.0	0.0010440435854852115	periphery
267	9	40	0.025899912203687446	0.0022952974994037848	periphery
268	9	43	0.0	0.0009611341982998079	periphery
269	9	45	0.0	0.0008233813496393783	periphery
270	9	48	0.09482001755926252	0.0009908103419057454	periphery
271	9	50	0.0	0.0010796888301665454	periphery
272	9	52	0.0	0.0019419729219314044	feeder
273	9	53	0.0	0.0016194684677282528	periphery
274	9	54	0.026777875329236173	0.0010889617842277145	periphery
275	9	56	0.001755926251097454	0.001201435887044223	periphery
276	9	59	0.0	0.0019119922428255743	periphery
277	9	61	0.0	0.0017127794539827847	periphery
278	9	62	0.0	0.0012270331867400488	feeder
279	9	64	0.0	0.0019917753998694864	periphery
280	9	65	0.0	0.001348603676469941	feeder
281	10	12	0.0	0.0009467100711523622	periphery
282	10	13	0.0	0.0008109708639068759	periphery
283	10	16	0.01755926251097454	0.0014166848133012572	periphery
284	10	17	0.0	0.0008007397774506505	periphery
285	10	18	0.0	0.0008577836869484854	periphery
286	10	19	0.001755926251097454	0.0024089784863386993	periphery
287	10	21	0.0	0.0013844086586491384	periphery
288	10	22	0.0	0.0034553365923595627	periphery
289	10	24	0.0	0.0010382954537336163	periphery
290	10	26	0.0	0.0012020541481735651	periphery
291	10	28	0.0	0.0017702815842308688	periphery
292	10	29	0.0	0.0023526821889350118	periphery
293	10	30	0.0	0.0013585673295524148	periphery
294	10	31	0.0	0.0014650260990063855	periphery
295	10	36	0.001755926251097454	0.0011859007722460628	periphery
296	10	38	0.0	0.001088264333602617	periphery
297	10	41	0.0	0.0010121059377950572	periphery
298	10	44	0.0	0.0011931692652587356	feeder
299	10	46	0.0	0.001021993680543492	periphery
300	10	47	0.0	0.0011096081282041881	periphery
301	10	51	0.0	0.0010865542977010316	feeder
302	10	52	0.0	0.0016280817975684774	feeder
303	10	55	0.008340649692712906	0.0021689561372942455	feeder
304	10	58	0.0	0.0009735777429316651	periphery
305	10	64	0.0	0.0011867647312792285	periphery
306	11	14	0.0	0.0015532501038828942	feeder
307	11	15	0.029411764705882353	0.0011224503511473658	periphery
308	11	19	0.0	0.0013740130662358771	periphery
309	11	23	0.0	0.00204844310909744	periphery
310	11	27	0.0	0.001412352326260627	periphery
311	11	28	0.056189640035118525	0.002051544970784303	periphery
312	11	32	0.0	0.0012146555516163718	feeder
313	11	34	0.06716417910447761	0.001185609894161472	periphery
314	11	37	0.0	0.000785809050491836	periphery
315	11	39	0.0	0.001516803673555427	periphery
316	11	42	0.09262510974539069	0.0033161543534386646	periphery
317	11	43	0.0	0.0013548838495418974	periphery
318	11	45	0.0	0.0006820882704621904	periphery
319	11	48	0.09218612818261633	0.001062251390916603	periphery
320	11	49	0.0	0.001071349331313929	periphery
321	11	50	0.0	0.0009241104735800142	periphery
322	11	52	0.030728709394205442	0.0021235607565475096	feeder
323	11	53	0.0	0.0010354289513991167	periphery
324	11	54	0.0	0.0009128708475501074	periphery
325	11	56	0.0	0.0008540628376885417	periphery
326	11	57	0.0	0.0022237715429635893	periphery
327	11	59	0.02633889376646181	0.002561856980349063	periphery
328	11	61	0.0	0.0011917581985823775	periphery
329	11	62	0.0	0.0014061194599367536	feeder
330	11	63	0.0	0.0008652186792976081	periphery
331	11	66	0.0	0.0009430589810151093	periphery
332	11	67	0.0	0.0009440808507427581	periphery
333	12	13	0.0	0.0010203251206234256	periphery
334	12	14	0.0	0.0017798055542233074	feeder
335	12	17	0.0	0.0010104896902592877	periphery
336	12	18	0.0	0.0008412121056747523	periphery
337	12	21	0.000877963125548727	0.0014156533651659654	periphery
338	12	23	0.0	0.001647678102856368	periphery
339	12	24	0.0	0.0007476952960261154	periphery
340	12	26	0.0	0.0009311519706703253	periphery
341	12	28	0.006145741878841089	0.002068082113451025	periphery
342	12	30	0.0	0.0008982058835819299	periphery
343	12	31	0.0	0.0011273123246541845	periphery
344	12	36	0.0	0.0009096870141135005	periphery
345	12	38	0.0	0.0007813039065922835	periphery
346	12	40	0.0	0.0010240817279229847	periphery
347	12	41	0.0	0.0009692241429754566	periphery
348	12	42	0.0	0.0009887907930392294	periphery
349	12	44	0.0	0.0010740063038086316	feeder
350	12	46	0.0	0.0005967949229582242	periphery
351	12	47	0.0	0.0008322820314370761	periphery
352	12	48	0.02151009657594381	0.003040030838151062	periphery
353	12	51	0.0	0.0009284503315027691	feeder
354	12	57	0.0013169446883230904	0.0016590491207492072	periphery
355	12	58	0.0	0.0007333214685201555	periphery
356	12	60	0.0	0.0011642891887256124	periphery
357	12	64	0.0	0.000915885554938298	periphery
358	12	65	0.017998244073748903	0.001738682254597272	feeder
359	13	17	0.0	0.0007049580645417253	periphery
360	13	18	0.0	0.0009769624935568764	periphery
361	13	20	0.0	0.003927503070891276	periphery
362	13	22	0.0	0.003922947096186048	periphery
363	13	24	0.0	0.0012757109977847981	periphery
364	13	26	0.0	0.0014314611029619389	periphery
365	13	28	0.0	0.0016181266471768977	periphery
366	13	29	0.0	0.002497877082812961	periphery
367	13	30	0.005706760316066725	0.0012132409945860446	periphery
368	13	34	0.0	0.0026645356058391865	periphery
369	13	36	0.07550482879719052	0.0014854960865053166	periphery
370	13	38	0.0	0.0013123985064054044	periphery
371	13	39	0.0	0.002103561120369531	periphery
372	13	41	0.0	0.001121158738644067	periphery
373	13	42	0.0	0.0021745425235906264	periphery
374	13	44	0.04784899034240562	0.0015797138737085239	feeder
375	13	46	0.0	0.0009385382774707773	periphery
376	13	47	0.0	0.0013298546769229013	periphery
377	13	51	0.0	0.0012879904492740417	feeder
378	13	52	0.0	0.0018529032556699027	feeder
379	13	58	0.0	0.0013332505252628274	periphery
380	13	64	0.0	0.001187746702190962	periphery
381	14	15	0.0	0.003079809207349156	feeder
382	14	19	0.00877963125548727	0.0015927595393105036	feeder
383	14	23	0.0	0.001077349770621198	feeder
384	14	24	0.0052677787532923615	0.0020410108525943135	feeder
385	14	25	0.0	0.0014895309249930737	feeder
386	14	30	0.0026338893766461808	0.0015065949395040635	feeder
387	14	31	0.0	0.0013442049207273152	feeder
388	14	32	0.0	0.0012640924217798403	rich
389	14	35	0.0	0.0011428599162897962	feeder
390	14	36	0.0	0.0019448284685450459	feeder
391	14	37	0.0	0.002015215586223349	feeder
392	14	38	0.028094820017559263	0.0017510611253568533	feeder
393	14	39	0.0	0.001807142040005478	feeder
394	14	40	0.0	0.0014354914915826597	feeder
395	14	42	0.0	0.0016350801261543074	feeder
396	14	43	0.0	0.0010141682277753502	feeder
397	14	44	0.0	0.0012634167194096302	rich
398	14	45	0.0	0.0014665093852703477	feeder
399	14	46	0.04477611940298507	0.002035689517201535	feeder
400	14	48	0.0	0.0012670146532202187	feeder
401	14	49	0.003950834064969272	0.002752579799527898	feeder
402	14	53	0.0	0.0014542587872992496	feeder
403	14	54	0.04697102721685689	0.002334954833014248	feeder
404	14	55	0.03555750658472344	0.0010663935041776618	rich
405	14	56	0.0	0.0026517083778518644	feeder
406	14	57	0.0	0.0012670750787019383	feeder
407	14	58	0.0	0.0017702679275297803	feeder
408	14	60	0.003511852502194908	0.0013625148549447148	feeder
409	14	62	0.0	0.0011563649958660624	rich
410	14	65	0.0	0.0011251759276564145	rich
411	14	66	0.003950834064969272	0.0015980939014757186	feeder
412	14	67	0.0	0.0018173715411725128	feeder
413	15	20	0.0	0.0007040215123251952	periphery
414	15	22	0.0	0.0008799645155065285	periphery
415	15	27	0.0	0.0006734129587938201	periphery
416	15	28	0.0	0.002343591169898389	periphery
417	15	29	0.0	0.0013977241236832517	periphery
418	15	32	0.0	0.0018588727616831505	feeder
419	15	33	0.0	0.0011980355305219329	periphery
420	15	34	0.0	0.0010041940792599265	periphery
421	15	37	0.0	0.0009185259174420007	periphery
422	15	39	0.0	0.0014325951109378262	periphery
423	15	45	0.0	0.0011807806635570932	periphery
424	15	48	0.0	0.0012589865283926275	periphery
425	15	49	0.0	0.0004922403553168413	periphery
426	15	50	0.0	0.0012368705213271762	periphery
427	15	54	0.0	0.0006748167780161789	periphery
428	15	55	0.0	0.0027847405987172437	feeder
429	15	56	0.0	0.000614456813134704	periphery
430	15	61	0.0	0.0007048111360701857	periphery
431	15	62	0.0	0.0022419610426656677	feeder
432	15	63	0.0	0.0009169424700979728	periphery
433	15	66	0.0	0.0010455942959299875	periphery
434	15	67	0.0	0.000848985535630167	periphery
435	16	18	0.0	0.0011945842045915746	periphery
436	16	19	0.0	0.0014828261025273918	periphery
437	16	21	0.0	0.0007017631095292661	periphery
438	16	23	0.0	0.0010423392133004634	periphery
439	16	25	0.0	0.0008749863414142972	periphery
440	16	26	0.0	0.0008732050513932128	periphery
441	16	29	0.0004389815627743635	0.0026294215139416642	periphery
442	16	30	0.012291483757682178	0.0013851580757669839	periphery
443	16	31	0.0	0.0011743906408371804	periphery
444	16	33	0.0	0.00205226985213434	periphery
445	16	35	0.0	0.0008232920078739573	periphery
446	16	36	0.0	0.0009755440327092278	periphery
447	16	38	0.0	0.0009401590698632047	periphery
448	16	40	0.0	0.0009536402803811885	periphery
449	16	41	0.0	0.0012058659555987494	periphery
450	16	42	0.04477611940298507	0.0009399928023720823	periphery
451	16	44	0.036435469710272166	0.0007898793315735983	feeder
452	16	47	0.0	0.0009497955610156081	periphery
453	16	50	0.0	0.002003579576848712	periphery
454	16	51	0.0	0.0008926387470209281	feeder
455	16	52	0.0	0.0008575090344364591	feeder
456	16	53	0.0	0.0016147384393853678	periphery
457	16	55	0.0	0.0011003754519388815	feeder
458	16	57	0.0	0.0011465226540154486	periphery
459	16	59	0.0	0.0009237558106226274	periphery
460	16	60	0.0	0.0007843878390320619	periphery
461	16	64	0.048287971905179985	0.0013696270316022462	periphery
462	16	65	0.0030728709394205445	0.0012827064843286657	feeder
463	16	66	0.0	0.0022413458239531714	periphery
464	16	67	0.0	0.0025568822202234405	periphery
465	17	18	0.0	0.0009480303493785699	periphery
466	17	20	0.000877963125548727	0.0037484522084543035	periphery
467	17	22	0.0	0.0037055675738225232	periphery
468	17	24	0.0	0.0013661813364690895	periphery
469	17	25	0.023266022827041263	0.0018324443538802325	periphery
470	17	28	0.011852502194907815	0.0022141693281815373	periphery
471	17	29	0.0	0.0027417607631524993	periphery
472	17	30	0.0	0.0014297670773192452	periphery
473	17	31	0.0	0.0016888627512047804	periphery
474	17	36	0.0	0.001540999082845505	periphery
475	17	38	0.0	0.0014057514893828272	periphery
476	17	41	0.0	0.0012861872591633907	periphery
477	17	46	0.0	0.0010718922401574066	periphery
478	17	47	0.0276558384547849	0.0013915586812836172	periphery
479	17	51	0.0	0.0013947059689482155	feeder
480	17	58	0.0	0.0014289624726955008	periphery
481	17	64	0.0	0.0013063680557639464	periphery
482	18	21	0.001755926251097454	0.0013662888047115455	periphery
483	18	24	0.0	0.0008050504514075447	periphery
484	18	25	0.0	0.0011168125952073801	periphery
485	18	26	0.0	0.0008138227153918711	periphery
486	18	28	0.0	0.002325679081324659	periphery
487	18	29	0.017998244073748903	0.0035550591399804293	periphery
488	18	30	0.0	0.0010039652036118295	periphery
489	18	31	0.0	0.0012002493138403745	periphery
490	18	36	0.0	0.0008489899846108486	periphery
491	18	38	0.0	0.0007721946098892403	periphery
492	18	40	0.0	0.001081847525949572	periphery
493	18	41	0.0	0.0007612525075437423	periphery
494	18	42	0.013169446883230905	0.0010463255677495272	periphery
495	18	46	0.0	0.0008628003379254424	periphery
496	18	47	0.0	0.0007228458037529395	periphery
497	18	51	0.0	0.0008203037299909239	feeder
498	18	52	0.0	0.0015323653778726706	feeder
499	18	58	0.0	0.0008405120598620127	periphery
500	18	59	0.0	0.0012859023029952435	periphery
501	18	60	0.0	0.001078612160183214	periphery
502	18	64	0.0	0.000950125064705675	periphery
503	18	65	0.0	0.0019045212684738856	feeder
504	19	21	0.05443371378402107	0.001540756598062285	periphery
505	19	23	0.0	0.0013846920725180145	periphery
506	19	27	0.0021949078138718174	0.0029255445350696075	periphery
507	19	29	0.0	0.0016956664176359779	periphery
508	19	32	0.0	0.001315590787283611	feeder
509	19	33	0.0	0.0012148473853108568	periphery
510	19	35	0.0	0.0012670875940930667	periphery
511	19	37	0.0	0.0014157940844722495	periphery
512	19	41	0.007023705004389816	0.0025286871064054356	periphery
513	19	42	0.038630377524143986	0.002093807260858339	periphery
514	19	44	0.0	0.0018536571359926944	feeder
515	19	45	0.0	0.0015521742461619655	periphery
516	19	50	0.001755926251097454	0.0012633715613591776	periphery
517	19	52	0.0	0.0014292879279165212	feeder
518	19	53	0.0	0.0009786759343952925	periphery
519	19	55	0.0	0.0011045807968209239	feeder
520	19	57	0.0	0.0012742504437677409	periphery
521	19	58	0.04784899034240562	0.0027125709771568265	periphery
522	19	61	0.028094820017559263	0.0028293533566168733	periphery
523	19	63	0.0	0.001131248519308221	periphery
524	19	66	0.0	0.0012166880214186937	periphery
525	20	22	0.0	0.0006563512769903418	periphery
526	20	27	0.0	0.0008593519098908771	periphery
527	20	28	0.0	0.0022272109762242905	periphery
528	20	29	0.0	0.0011676813572274404	periphery
529	20	32	0.0	0.002316857451769489	feeder
530	20	33	0.028533801580333626	0.0014536870501821288	periphery
531	20	34	0.0	0.0010553017801989656	periphery
532	20	37	0.0004389815627743635	0.0015307364181957716	periphery
533	20	39	0.0	0.001388721139018097	periphery
534	20	48	0.0	0.001657413216327656	periphery
535	20	49	0.0	0.0007771851061209225	periphery
536	20	54	0.0	0.0009785640607922386	periphery
537	20	56	0.0	0.0009498212203724889	periphery
538	20	61	0.0	0.0009003883076419972	periphery
539	20	62	0.0	0.0028351651702489826	feeder
540	20	63	0.0	0.0013649326429465978	periphery
541	20	66	0.0021949078138718174	0.0015991539553840953	periphery
542	20	67	0.0	0.0012456472934541524	periphery
543	21	23	0.0	0.0009672703036798881	periphery
544	21	24	0.0	0.0010495480470423136	periphery
545	21	25	0.0	0.0009067538079121367	periphery
546	21	26	0.0	0.000837871852917894	periphery
547	21	28	0.0	0.0014195312036487686	periphery
548	21	30	0.001755926251097454	0.0012048641861366496	periphery
549	21	31	0.0	0.0009709981395293893	periphery
550	21	32	0.0	0.0014091341263371112	feeder
551	21	33	0.0	0.0019712661830950475	periphery
552	21	34	0.0	0.002680761903113577	periphery
553	21	35	0.0	0.0007554553973230936	periphery
554	21	36	0.0	0.0010639597817768416	periphery
555	21	38	0.0	0.0008862339749851903	periphery
556	21	40	0.0	0.0009466541682589922	periphery
557	21	41	0.0	0.0011958473657909916	periphery
558	21	42	0.0	0.0009476780443926137	periphery
559	21	44	0.0	0.0006527668755887523	feeder
560	21	47	0.0	0.0009621048878507045	periphery
561	21	50	0.0	0.0018813224097552058	periphery
562	21	51	0.0	0.0007983829674817796	feeder
563	21	52	0.0	0.000684367456611641	feeder
564	21	53	0.0	0.0016904680975626948	periphery
565	21	55	0.0	0.0009659952407846124	feeder
566	21	57	0.0	0.0011464764972494762	periphery
567	21	58	0.0	0.0009027720512864452	periphery
568	21	59	0.0	0.0008563806790753227	periphery
569	21	60	0.0	0.0007858302675704013	periphery
570	21	62	0.0	0.0011797909712236159	feeder
571	21	63	0.0	0.002573540433743399	periphery
572	21	64	0.0026338893766461808	0.001203405509033171	periphery
573	21	65	0.0	0.0010279725627873341	feeder
574	21	66	0.0	0.0020698483969082537	periphery
575	21	67	0.0	0.002337480059145607	periphery
576	22	27	0.0	0.000986409757882772	periphery
577	22	28	0.046532045654082525	0.002198359294593582	periphery
578	22	29	0.0	0.0008309049059576666	periphery
579	22	32	0.0	0.002200987050499913	feeder
580	22	33	0.0	0.0013779368860580448	periphery
581	22	34	0.0	0.0012672203590449727	periphery
582	22	37	0.0	0.0015347280349168393	periphery
583	22	49	0.0	0.0008980402269148848	periphery
584	22	50	0.012730465320456541	0.0020773747639385304	periphery
585	22	53	0.03511852502194908	0.0021898925225550194	periphery
586	22	54	0.0	0.001157438423099736	periphery
587	22	56	0.0	0.0010892998014053637	periphery
588	22	61	0.0	0.001026216852677241	periphery
589	22	63	0.0	0.0012860527363057963	periphery
590	22	66	0.0	0.0015955741424418797	periphery
591	22	67	0.0	0.001200275548904377	periphery
592	23	24	0.0	0.0012355721039260265	periphery
593	23	25	0.0	0.0010987584885565095	periphery
594	23	26	0.0	0.001044084876086687	periphery
595	23	35	0.0	0.0007632199852395144	periphery
596	23	36	0.0	0.001094369456922888	periphery
597	23	37	0.0	0.0026366183108361293	periphery
598	23	38	0.0	0.0011473575084978193	periphery
599	23	40	0.0	0.0009321377403806213	periphery
600	23	42	0.0	0.0008677521557441238	periphery
601	23	43	0.0	0.001225831971565613	periphery
602	23	44	0.0	0.0009715164997651319	feeder
603	23	46	0.0	0.0019264122264817714	periphery
604	23	47	0.0	0.0011910913089835057	periphery
605	23	48	0.09174714661984197	0.002179294376391108	periphery
606	23	51	0.0	0.0011363881378879392	feeder
607	23	52	0.0	0.0010280756989116582	feeder
608	23	53	0.0	0.0014909154534644585	periphery
609	23	55	0.0	0.0010034088811535797	feeder
610	23	57	0.0	0.0006543320864106065	periphery
611	23	58	0.0	0.0011464707660711739	periphery
612	23	59	0.0	0.0010061912871550303	periphery
613	23	60	0.0	0.0008043692567508385	periphery
614	23	62	0.041264266900790166	0.00142344028168345	feeder
615	23	63	0.02897278314310799	0.0025199585057754615	periphery
616	23	66	0.0	0.0020092655930141704	periphery
617	24	26	0.0	0.000623880233365733	periphery
618	24	28	0.0	0.0023655919705628426	periphery
619	24	30	0.0	0.0009598191320345515	periphery
620	24	31	0.0	0.0010736526906938223	periphery
621	24	35	0.0	0.0013390321885988485	periphery
622	24	36	0.0	0.0006490850634819922	periphery
623	24	38	0.0	0.0005097433214202308	periphery
624	24	40	0.0	0.0008303644853807237	periphery
625	24	41	0.0	0.000841294238549101	periphery
626	24	42	0.0	0.0006556828857533085	periphery
627	24	44	0.0	0.0007959445046971862	feeder
628	24	46	0.0	0.0007971680206670492	periphery
629	24	47	0.0	0.0005974441802427149	periphery
630	24	51	0.0	0.0006514866794258482	feeder
631	24	52	0.0	0.0012338790216755897	feeder
632	24	55	0.024143985952589993	0.0020302957572423336	feeder
633	24	57	0.0	0.0011966610783040955	periphery
634	24	58	0.0	0.0005119691205899865	periphery
635	24	59	0.023266022827041263	0.001002259823927821	periphery
636	24	60	0.0	0.0007709742072122782	periphery
637	24	64	0.0	0.0009290158368915341	periphery
638	25	26	0.0	0.0007896629671359905	periphery
639	25	30	0.0	0.0009232450896622968	periphery
640	25	31	0.0	0.000809134960092382	periphery
641	25	32	0.0	0.0017625582245355622	feeder
642	25	35	0.0	0.0009698535765218827	periphery
643	25	36	0.0	0.0008193315175950253	periphery
644	25	38	0.0	0.0007899882300987142	periphery
645	25	40	0.0	0.0006643063334438793	periphery
646	25	41	0.013608428446005268	0.0010298411390767285	periphery
647	25	42	0.0	0.0008453222550407242	periphery
648	25	43	0.0	0.0011971744155400905	periphery
649	25	44	0.0013169446883230904	0.0009321640541211272	feeder
650	25	47	0.0	0.0007819307946331331	periphery
651	25	50	0.0	0.0023470918760715893	periphery
652	25	51	0.0	0.0007445790177164601	feeder
653	25	52	0.0	0.001056609441543307	feeder
654	25	55	0.0	0.0014169877638278725	feeder
655	25	59	0.0	0.0006444593516586493	periphery
656	25	60	0.0	0.0006955979807652849	periphery
657	25	62	0.0	0.0013246442210833058	feeder
658	25	64	0.0	0.0009188288802416978	periphery
659	25	65	0.0	0.0010811560918212934	feeder
660	25	66	0.0	0.002603766636377801	periphery
661	26	28	0.0	0.0019635655605391203	periphery
662	26	30	0.0	0.0008929048283635053	periphery
663	26	31	0.0	0.0009259758898456178	periphery
664	26	32	0.029411764705882353	0.0021718091600840266	feeder
665	26	35	0.0	0.0010416612903138812	periphery
666	26	36	0.0	0.0006158345691217664	periphery
667	26	38	0.0	0.0005452157455299639	periphery
668	26	40	0.0	0.0006742195928220744	periphery
669	26	41	0.0	0.0007805026265345243	periphery
670	26	42	0.0	0.000652974781518635	periphery
671	26	43	0.0	0.0019424460174591388	periphery
672	26	44	0.0	0.0006891775362591727	feeder
673	26	46	0.0	0.0010069902998245638	periphery
674	26	47	0.0	0.0005084227982892555	periphery
675	26	51	0.0	0.0005367689736192191	feeder
676	26	52	0.0	0.0009518683444117895	feeder
677	26	55	0.0	0.0015081058082666498	feeder
678	26	57	0.0	0.0011603641416436058	periphery
679	26	58	0.0	0.0006491445947413217	periphery
680	26	59	0.0	0.0007845003951731856	periphery
681	26	60	0.0	0.0005872832504762068	periphery
682	26	62	0.0	0.0017054542994987868	feeder
683	26	64	0.0	0.0008152228664091936	periphery
684	26	65	0.0	0.001283504180139349	feeder
685	27	29	0.0	0.0018601689654119383	periphery
686	27	33	0.0013169446883230904	0.0019250633390528937	periphery
687	27	34	0.0	0.0011917798106285053	periphery
688	27	37	0.0	0.0010312946774650993	periphery
689	27	39	0.0	0.0018262265630748407	periphery
690	27	45	0.0	0.0015149092143771838	periphery
691	27	48	0.0	0.0017223740433654378	periphery
692	27	49	0.0	0.0007414269267400093	periphery
693	27	50	0.0	0.0016682996536683849	periphery
694	27	54	0.0	0.0009220095997983998	periphery
695	27	56	0.0	0.0008392796967373398	periphery
696	27	61	0.0	0.0005100034237294684	periphery
697	27	63	0.0	0.0011704695121332197	periphery
698	27	66	0.0	0.001800711026182139	periphery
699	27	67	0.0	0.0012852771988072383	periphery
700	28	29	0.0	0.0015892079301875258	periphery
701	28	30	0.0	0.001553694329318053	periphery
702	28	31	0.0	0.0013806399900227432	periphery
703	28	32	0.0	0.001194236110678965	feeder
704	28	33	0.0	0.0015912367009137695	periphery
705	28	34	0.0	0.0012865797794559773	periphery
706	28	38	0.0	0.002022468081191109	periphery
707	28	39	0.0	0.0014757411938446851	periphery
708	28	43	0.0	0.001515115539150405	periphery
709	28	44	0.0	0.0016372672649120708	feeder
710	28	45	0.0	0.0014569011721426587	periphery
711	28	47	0.0	0.002141400753432523	periphery
712	28	49	0.0	0.002075978819318523	periphery
713	28	50	0.0	0.0015634476678552914	periphery
714	28	51	0.0	0.0016412888485268795	feeder
715	28	52	0.0	0.0013248038848067965	feeder
716	28	54	0.0	0.0018570849437082302	periphery
717	28	55	0.0	0.0013315455782833248	feeder
718	28	56	0.0	0.0019258509255558622	periphery
719	28	58	0.0	0.002176913893022465	periphery
720	28	62	0.0	0.00096131468184622	feeder
721	28	63	0.0	0.0020182501063245014	periphery
722	28	64	0.0	0.0015042338003655978	periphery
723	28	65	0.0	0.0009967093218958313	feeder
724	28	66	0.0	0.001712073313518683	periphery
725	28	67	0.0	0.0015886693858230654	periphery
726	29	32	0.0	0.0017329261019128417	feeder
727	29	33	0.0	0.0012717630674040628	periphery
728	29	34	0.0	0.0013929784754604163	periphery
729	29	49	0.0	0.0013432459379108454	periphery
730	29	50	0.0	0.0015137226124769794	periphery
731	29	53	0.0	0.0018332491217808845	periphery
732	29	54	0.0	0.0014885437675809313	periphery
733	29	55	0.03511852502194908	0.001975936841050733	feeder
734	29	56	0.0	0.0015171995084842578	periphery
735	29	61	0.0	0.0018936687207168625	periphery
736	29	63	0.0	0.001331835901259369	periphery
737	29	66	0.0	0.001375600846511687	periphery
738	29	67	0.0	0.0012180997690860113	periphery
739	30	31	0.0	0.0006949219425838886	periphery
740	30	34	0.0	0.0026665072221655007	periphery
741	30	36	0.0	0.0009780323537608023	periphery
742	30	38	0.0	0.000834384022090538	periphery
743	30	39	0.0	0.0019869123555257555	periphery
744	30	40	0.0	0.0008315585200112546	periphery
745	30	42	0.0	0.0009953642888335086	periphery
746	30	43	0.0	0.0013755135503762525	periphery
747	30	44	0.0	0.001041849109195109	feeder
748	30	45	0.0	0.0024260360855048783	periphery
749	30	46	0.0	0.000980834333036172	periphery
750	30	47	0.0	0.0008407211093637623	periphery
751	30	48	0.01009657594381036	0.0023391065295898217	periphery
752	30	51	0.0	0.0008485661162971543	feeder
753	30	58	0.0	0.0009681181794978475	periphery
754	30	59	0.0	0.0009401735405240227	periphery
755	30	60	0.0	0.0010122940558020097	periphery
756	30	62	0.0	0.0014540040485955935	feeder
757	30	64	0.0	0.0006383002409264957	periphery
758	30	65	0.0	0.0010225701958780664	feeder
759	31	32	0.0	0.0015600185608934819	feeder
760	31	33	0.01755926251097454	0.0021761912453511023	periphery
761	31	35	0.015803336259877086	0.001078521097865222	periphery
762	31	36	0.0	0.0009930642386378502	periphery
763	31	38	0.0	0.0009271916703680188	periphery
764	31	39	0.022388059701492536	0.0021626521440748243	periphery
765	31	40	0.0	0.0008116226828966724	periphery
766	31	42	0.0	0.0010588232733998722	periphery
767	31	43	0.0	0.0011501840621821345	periphery
768	31	44	0.0	0.0009064427923030655	feeder
769	31	45	0.0	0.002006901255125188	periphery
770	31	47	0.0	0.0009329054687301812	periphery
771	31	48	0.0	0.0019493916205597236	periphery
772	31	50	0.000877963125548727	0.00204650635696578	periphery
773	31	51	0.0	0.0007987780659746915	feeder
774	31	52	0.0	0.0010358042460420333	feeder
775	31	58	0.0	0.0010037721456063855	periphery
776	31	59	0.0	0.000817881762598715	periphery
777	31	60	0.0	0.0009670993589246168	periphery
778	31	62	0.0	0.001177592404708666	feeder
779	31	64	0.0	0.0006960453118410137	periphery
780	31	65	0.0	0.0008589991765546219	feeder
781	32	33	0.0	0.0008870870505273052	feeder
782	32	35	0.0	0.0011364152989106946	feeder
783	32	36	0.0026338893766461808	0.0026330081384206188	feeder
784	32	37	0.0	0.001377288352373102	feeder
785	32	41	0.046093064091308165	0.0027530520854967115	feeder
786	32	43	0.0	0.0010787590928597432	feeder
787	32	44	0.0	0.0016075022428392713	rich
788	32	45	0.0	0.001073751763652697	feeder
789	32	48	0.0	0.0013100310363331666	feeder
790	32	49	0.0	0.0015819442382277462	feeder
791	32	50	0.0	0.0008164972362218586	feeder
792	32	51	0.0	0.002000321022658325	rich
793	32	52	0.0	0.0013067936391085136	rich
794	32	53	0.0	0.0008563611291612253	feeder
795	32	54	0.0	0.0013170569452456331	feeder
796	32	55	0.0	0.0009269951447411086	rich
797	32	56	0.0	0.0013240693699490145	feeder
798	32	59	0.0	0.0018233949831335148	feeder
799	32	60	0.008340649692712906	0.0019222132146016454	feeder
800	32	62	0.0	0.0008250412985261089	rich
801	32	63	0.0	0.0011890888411930426	feeder
802	32	64	0.05575065847234416	0.00202151579963733	feeder
803	32	65	0.0	0.0011274366543698206	rich
804	32	66	0.0	0.0008824262800542168	feeder
805	32	67	0.0	0.0009977949786576371	feeder
806	33	35	0.0	0.0016120183537434707	periphery
807	33	37	0.0	0.0010561929396185018	periphery
808	33	44	0.0	0.0023248896826508717	feeder
809	33	48	0.0	0.001327559993324312	periphery
810	33	49	0.0	0.001068305189822218	periphery
811	33	50	0.0	0.000770213265881211	periphery
812	33	51	0.06277436347673397	0.0031158232648777658	feeder
813	33	52	0.0	0.0018763835414932898	feeder
814	33	53	0.0	0.0009848481702845293	periphery
815	33	54	0.0	0.0010884787778184571	periphery
816	33	55	0.0	0.0011546932599026897	feeder
817	33	56	0.0	0.0009897682258594416	periphery
818	33	62	0.0	0.0013589074176046214	feeder
819	33	63	0.0	0.0007995503701842705	periphery
820	33	65	0.0	0.0016786592931614906	feeder
821	33	66	0.0	0.0007851521501231882	periphery
822	33	67	0.0	0.000679372349177349	periphery
823	34	39	0.009218612818261633	0.001043071634534734	periphery
824	34	45	0.027216856892010536	0.0010322008458885084	periphery
825	34	48	0.07462686567164178	0.0011948201700087296	periphery
826	34	49	0.0	0.0009572919032971709	periphery
827	34	50	0.0	0.0011805012979254682	periphery
828	34	52	0.0	0.002320914819166405	feeder
829	34	54	0.0	0.0009020119075379108	periphery
830	34	56	0.0	0.0009415124518672523	periphery
831	34	61	0.0	0.0011179500324107238	periphery
832	34	62	0.0	0.0014487075532261537	feeder
833	34	63	0.0	0.0012153216589512617	periphery
834	34	65	0.0	0.0017548460357465006	feeder
835	34	66	0.0	0.0012202670197299127	periphery
836	34	67	0.0	0.0010474205911379902	periphery
837	35	36	0.0	0.001168206234630335	periphery
838	35	37	0.0	0.0023505661582098472	periphery
839	35	38	0.0	0.0011733670324221464	periphery
840	35	40	0.0	0.0009330742347502468	periphery
841	35	41	0.048726953467954345	0.0018638660479427163	periphery
842	35	42	0.0	0.0010523820488238511	periphery
843	35	43	0.06277436347673397	0.0011514967115366904	periphery
844	35	44	0.0	0.0008335955798786937	feeder
845	35	47	0.0	0.0012044009864468882	periphery
846	35	48	0.0	0.0019854999650678893	periphery
847	35	50	0.0	0.0015705169331798046	periphery
848	35	51	0.038191395961369626	0.0010590337271117365	feeder
849	35	53	0.0	0.001289996385837404	periphery
850	35	55	0.0	0.0008208828922498168	feeder
851	35	57	0.0	0.0010209231409956578	periphery
852	35	58	0.0	0.0011654043543008383	periphery
853	35	59	0.0	0.0009414216436403231	periphery
854	35	60	0.0	0.0008167273478908253	periphery
855	35	62	0.0	0.001156211374080285	feeder
856	35	63	0.0	0.0020971776581603036	periphery
857	35	64	0.0	0.0014330057103155772	periphery
858	35	65	0.0	0.0011264848530725933	feeder
859	35	66	0.0	0.0016473786812506751	periphery
860	35	67	0.0	0.001989966501524987	periphery
861	36	38	0.0	0.0006450459795077989	periphery
862	36	40	0.0	0.0007466373549383305	periphery
863	36	41	0.0	0.0007664561316612136	periphery
864	36	42	0.0	0.000680095913985615	periphery
865	36	43	0.0	0.0021247954475885926	periphery
866	36	44	0.0	0.0008002816529667785	feeder
867	36	46	0.0	0.0009456337647457828	periphery
868	36	47	0.0	0.000598472138152254	periphery
869	36	51	0.0	0.0006862339189029277	feeder
870	36	52	0.0	0.0011950169618192793	feeder
871	36	53	0.09043020193151888	0.002648547466980317	periphery
872	36	57	0.0030728709394205445	0.0011530025037821646	periphery
873	36	58	0.0	0.0007085742217192994	periphery
874	36	59	0.0	0.0008492298978516044	periphery
875	36	60	0.0	0.0006374007173905915	periphery
876	36	64	0.0	0.0008823805318770875	periphery
877	37	43	0.0	0.001863738588876464	periphery
878	37	45	0.0	0.0010790517208265583	periphery
879	37	48	0.0	0.0011474306395404163	periphery
880	37	49	0.0	0.0008917761248224858	periphery
881	37	50	0.0	0.000995411846875076	periphery
882	37	53	0.0	0.0009518488496064339	periphery
883	37	54	0.0	0.000852259744217431	periphery
884	37	55	0.0	0.0017975334193882444	feeder
885	37	56	0.0	0.0007344278149557352	periphery
886	37	57	0.0	0.0027443621567969866	periphery
887	37	61	0.0	0.0009693167748736964	periphery
888	37	63	0.0	0.0007348227962273662	periphery
889	37	66	0.0	0.0008158410214068114	periphery
890	37	67	0.0	0.0008416981425118503	periphery
891	38	40	0.0	0.000717301985579876	periphery
892	38	41	0.0	0.0007923783795954024	periphery
893	38	42	0.0	0.0006448092398360744	periphery
894	38	44	0.0	0.0006865472909654598	feeder
895	38	46	0.0	0.0008371947983663519	periphery
896	38	47	0.0	0.0005231117473027454	periphery
897	38	51	0.0	0.000560161713710776	feeder
898	38	52	0.0	0.0010614753212481857	feeder
899	38	55	0.0	0.0016946925111085284	feeder
900	38	57	0.0	0.0012239826327283929	periphery
901	38	58	0.0	0.0005425913960056497	periphery
902	38	59	0.0	0.0008766196392293264	periphery
903	38	60	0.0	0.0006703182020554646	periphery
904	38	62	0.0	0.0018179502058935685	feeder
905	38	64	0.0	0.0008199781600159162	periphery
906	38	65	0.0	0.001371774061738982	feeder
907	39	41	0.0	0.0031298676973975058	periphery
908	39	43	0.0	0.0015423506750252293	periphery
909	39	45	0.0	0.0011992713427150237	periphery
910	39	46	0.04258121158911326	0.002636326756037609	periphery
911	39	48	0.0	0.0011203260782523337	periphery
912	39	49	0.0	0.0013832096851257101	periphery
913	39	54	0.0	0.0012560918999745625	periphery
914	39	56	0.0	0.001441075436582331	periphery
915	39	61	0.0	0.001610001792838616	periphery
916	39	62	0.0	0.0014825366327867828	feeder
917	39	64	0.0	0.002119877575142117	periphery
918	39	65	0.0	0.0016928057775202172	feeder
919	40	41	0.0	0.0010026841872338031	periphery
920	40	42	0.0	0.0007249595051683678	periphery
921	40	43	0.0	0.0013401688102466134	periphery
922	40	44	0.0	0.0008647357039398717	feeder
923	40	46	0.0	0.0012697373142518114	periphery
924	40	47	0.0	0.0006690520823537852	periphery
925	40	48	0.0	0.0027053333956117624	periphery
926	40	50	0.019754170324846356	0.0030851041172682567	periphery
927	40	51	0.0	0.0007599917506832911	feeder
928	40	52	0.0	0.0010353015634574332	feeder
929	40	55	0.0	0.0015001466869780159	feeder
930	40	57	0.0	0.0011429746500250656	periphery
931	40	58	0.0	0.0008297915445500231	periphery
932	40	59	0.0	0.0006886807127292679	periphery
933	40	60	0.0	0.0006409949622486012	periphery
934	40	62	0.0	0.0016102727263799521	feeder
935	40	64	0.0	0.0009094125964097605	periphery
936	40	65	0.005706760316066725	0.0011122753761997899	feeder
937	41	42	0.0	0.0008806934576307525	periphery
938	41	44	0.0	0.0009716858362369198	feeder
939	41	46	0.0	0.0008628364539020237	periphery
940	41	47	0.0	0.0007548263382423781	periphery
941	41	51	0.0	0.000788988085439266	feeder
942	41	52	0.0	0.0013147289111032187	feeder
943	41	58	0.0	0.000829404066950853	periphery
944	41	59	0.0	0.0011283700012948842	periphery
945	41	60	0.0	0.0009543849436264976	periphery
946	41	62	0.014486391571553995	0.002219571284856541	feeder
947	41	64	0.0	0.0008622704513028436	periphery
948	42	43	0.0	0.0016337621739961623	periphery
949	42	44	0.0	0.0007607967446453371	feeder
950	42	46	0.0	0.0010190492752527778	periphery
951	42	47	0.0	0.0006920116443253884	periphery
952	42	51	0.0	0.0007188761117746557	feeder
953	42	52	0.0	0.0010363404423785728	feeder
954	42	55	0.0	0.0017317638044930769	feeder
955	42	57	0.0	0.0009323309102311834	periphery
956	42	58	0.0	0.0006402719539820412	periphery
957	42	59	0.0	0.0007811336597175876	periphery
958	42	60	0.0	0.0006687364175159672	periphery
959	42	64	0.0	0.0009832055379075215	periphery
960	43	45	0.0	0.001177494673340022	periphery
961	43	47	0.053555750658472345	0.002130458129279682	periphery
962	43	48	0.0	0.0011399870181431767	periphery
963	43	50	0.0	0.0012717483074601134	periphery
964	43	51	0.09306409130816505	0.0019151697932422256	feeder
965	43	53	0.0	0.0013860594000411313	periphery
966	43	54	0.0	0.0016671377330096226	periphery
967	43	55	0.17954345917471468	0.0011822846824171213	feeder
968	43	56	0.0	0.0018022845099474442	periphery
969	43	59	0.0	0.0011032820089715463	periphery
970	43	60	0.0	0.0014686555997587719	periphery
971	43	61	0.0	0.0042688855214926946	periphery
972	43	62	0.0	0.0009084966329312899	feeder
973	43	64	0.0	0.001405363532777493	periphery
974	43	65	0.0	0.0009731541418693712	feeder
975	43	66	0.003950834064969272	0.001391352216042471	periphery
976	44	46	0.0	0.0013402740784793372	feeder
977	44	47	0.0	0.000785271193056938	feeder
978	44	51	0.0	0.0006671292255569685	rich
979	44	52	0.0	0.0007951102291999844	rich
980	44	53	0.0	0.0018772598965183876	feeder
981	44	55	0.0	0.0010994218360239167	rich
982	44	57	0.0	0.001074371168133529	feeder
983	44	58	0.0	0.0006946327123306006	feeder
984	44	59	0.0	0.0008827598856087454	feeder
985	44	60	0.0	0.0007121243095271033	feeder
986	44	62	0.0	0.0013718304745341965	rich
987	44	64	0.0	0.0009749293503405151	feeder
988	44	65	0.0	0.0011178421000122335	rich
989	44	67	0.021949078138718173	0.002786195543031437	feeder
990	45	48	0.0	0.0009116090878512035	periphery
991	45	49	0.0	0.0010559705319040135	periphery
992	45	50	0.0	0.0008817294267603728	periphery
993	45	52	0.0	0.001962523098849929	feeder
994	45	53	0.0	0.001204270483067892	periphery
995	45	54	0.0	0.0009215363873732927	periphery
996	45	56	0.0	0.0008744106762879681	periphery
997	45	57	0.0	0.0023644563367001994	periphery
998	45	59	0.0	0.0023584321333862267	periphery
999	45	61	0.0	0.0013210411299655535	periphery
1000	45	62	0.0	0.0011609936598086148	feeder
1001	45	63	0.0	0.0011619632890837875	periphery
1002	45	64	0.0021949078138718174	0.002494497106188792	periphery
1003	45	65	0.0	0.001393372397967475	feeder
1004	45	66	0.0	0.0010352744806953458	periphery
1005	45	67	0.0	0.0009882442172084382	periphery
1006	46	47	0.0	0.000883895731450092	periphery
1007	46	51	0.0	0.0010907181808003116	feeder
1008	46	57	0.0	0.0018156418569839476	periphery
1009	46	58	0.0	0.0008307939448482861	periphery
1010	46	60	0.0	0.001265840756938129	periphery
1011	46	64	0.0	0.0009356699561735092	periphery
1012	46	65	0.011852502194907815	0.002210153387198185	feeder
1013	47	51	0.0	0.0005678067666131789	feeder
1014	47	52	0.0	0.0010987885572227032	feeder
1015	47	55	0.0	0.0018124438031980406	feeder
1016	47	57	0.0	0.0013048313715546503	periphery
1017	47	58	0.0	0.0006305646877186808	periphery
1018	47	59	0.0	0.0008474751044084014	periphery
1019	47	60	0.0	0.0006730639704604771	periphery
1020	47	62	0.0	0.00195946806116524	feeder
1021	47	64	0.0	0.0007917885853336476	periphery
1022	47	65	0.000877963125548727	0.0014716263124016898	feeder
1023	48	49	0.0	0.0011933989444065515	periphery
1024	48	50	0.0	0.00109804845867846	periphery
1025	48	54	0.0	0.001036345725456932	periphery
1026	48	56	0.0	0.0010318719775679077	periphery
1027	48	61	0.0	0.0014965732999733868	periphery
1028	48	62	0.0	0.0011786734643241367	feeder
1029	48	65	0.0	0.001410119071563608	feeder
1030	48	66	0.01887620719929763	0.001095744299419365	periphery
1031	48	67	0.0	0.001117808925044906	periphery
1032	49	50	0.010974539069359086	0.0010862362966858245	periphery
1033	49	53	0.09043020193151888	0.0015785558529668442	periphery
1034	49	54	0.0	0.0006008283005649116	periphery
1035	49	55	0.12247585601404741	0.002458600848482571	feeder
1036	49	56	0.0	0.0005520525713677601	periphery
1037	49	61	0.0	0.0007626742481475208	periphery
1038	49	62	0.0	0.0019798046863000515	feeder
1039	49	63	0.0	0.0008794915052984567	periphery
1040	49	65	0.012291483757682178	0.002424713732725935	feeder
1041	49	66	0.0	0.0009119871131181362	periphery
1042	49	67	0.0	0.0007408558750034761	periphery
1043	50	52	0.0	0.0016756147022185168	feeder
1044	50	53	0.0	0.000889524754065591	periphery
1045	50	54	0.0	0.0009406753412038859	periphery
1046	50	55	0.0	0.0011388328150691424	feeder
1047	50	56	0.0	0.0008879374976407569	periphery
1048	50	59	0.0	0.0021961593680005095	periphery
1049	50	61	0.0	0.001505314248450865	periphery
1050	50	62	0.0	0.001118276178028705	feeder
1051	50	63	0.0	0.0008447066768927235	periphery
1052	50	65	0.0	0.0015155466232024755	feeder
1053	50	66	0.0	0.0006712158336967727	periphery
1054	50	67	0.0	0.00074515623849065	periphery
1055	51	52	0.0	0.0009632653906749916	rich
1056	51	55	0.0	0.0014690176785705728	rich
1057	51	58	0.0	0.0006632047210217069	feeder
1058	51	59	0.0	0.0007980290876283387	feeder
1059	51	60	0.0	0.0006821595009897596	feeder
1060	51	62	0.0	0.0015232944636317045	rich
1061	51	64	0.0	0.0007595297676896603	feeder
1062	51	65	0.0	0.0011586145497437246	rich
1063	52	53	0.0	0.0015092440755682093	feeder
1064	52	55	0.0	0.0009914104261787167	rich
1065	52	57	0.0	0.0010973842814761363	feeder
1066	52	58	0.0	0.0011097391741587382	feeder
1067	52	59	0.0	0.0008229456208225113	feeder
1068	52	60	0.0	0.0009813703118845862	feeder
1069	52	62	0.0	0.0011272431649623211	rich
1070	52	63	0.0	0.002222016774907307	feeder
1071	52	65	0.0	0.0010781335318454791	rich
1072	52	67	0.01624231782265145	0.0021231785326551347	feeder
1073	53	54	0.014925373134328358	0.0013134943609518837	periphery
1074	53	55	0.0	0.0010063658408130944	feeder
1075	53	56	0.0	0.001259537124158826	periphery
1076	53	57	0.0	0.0015436173671765304	periphery
1077	53	59	0.0	0.001874471300036273	periphery
1078	53	60	0.017120280948200176	0.002000632112411717	periphery
1079	53	63	0.0	0.0009135953293196498	periphery
1080	53	66	0.0	0.0008760186416887351	periphery
1081	53	67	0.0	0.0009614557791064542	periphery
1082	54	55	0.0	0.002065503067325089	feeder
1083	54	56	0.0	0.0005182421227197347	periphery
1084	54	61	0.0	0.0008460869793180128	periphery
1085	54	62	0.0	0.0015769834318545652	feeder
1086	54	63	0.0	0.0009298015259772218	periphery
1087	54	65	0.0	0.0020377445902695227	feeder
1088	54	66	0.0	0.0008585348098853237	periphery
1089	54	67	0.0	0.0007954337719869919	periphery
1090	55	56	0.0	0.002015204010221817	feeder
1091	55	57	0.0	0.0012402237008270406	feeder
1092	55	58	0.07111501316944688	0.0017559900666950616	feeder
1093	55	59	0.0	0.0013522857202632433	feeder
1094	55	60	0.0	0.0012749104018017206	feeder
1095	55	62	0.0	0.00102898456901382	rich
1096	55	63	0.0	0.0014307398587130853	feeder
1097	55	65	0.0	0.0010767914413491446	rich
1098	55	66	0.0	0.0011848985083132578	feeder
1099	55	67	0.0	0.001371733491861044	feeder
1100	56	61	0.0	0.0007930433738161104	periphery
1101	56	62	0.0	0.0016727344275177646	feeder
1102	56	63	0.0	0.0008359685469379215	periphery
1103	56	65	0.0	0.002133495585932722	feeder
1104	56	66	0.0	0.0007883928993132113	periphery
1105	56	67	0.0	0.0006985523098728697	periphery
1106	57	58	0.0	0.0011296948051789126	periphery
1107	57	60	0.0004389815627743635	0.0009783553194095457	periphery
1108	57	63	0.0004389815627743635	0.0025887118822414705	periphery
1109	58	59	0.0	0.0009783192497916766	periphery
1110	58	60	0.0	0.0007718766361470707	periphery
1111	58	64	0.0	0.0009353255948055462	periphery
1112	58	65	0.0	0.0015610745939139482	feeder
1113	59	60	0.0	0.0007161320631901836	periphery
1114	59	62	0.0	0.0013872343308162182	feeder
1115	59	64	0.0	0.0008997770372691768	periphery
1116	59	65	0.0	0.001075963071402544	feeder
1117	60	62	0.0	0.0015394374623450848	feeder
1118	60	64	0.0	0.0010100289379848485	periphery
1119	60	65	0.0	0.001134712333447985	feeder
1120	60	66	0.0	0.0032054624470404993	periphery
1121	61	63	0.0	0.001177164103138207	periphery
1122	61	66	0.000877963125548727	0.0014724531401640619	periphery
1123	61	67	0.0004389815627743635	0.0013752671581720062	periphery
1124	62	63	0.0	0.0016810195943527432	feeder
1125	62	64	0.0	0.0014984235599107307	feeder
1126	62	65	0.0	0.0007053306778909325	rich
1127	62	66	0.0	0.0012215080055610838	feeder
1128	62	67	0.0	0.0013719908182088503	feeder
1129	63	66	0.0	0.0007098307836184198	periphery
1130	63	67	0.0	0.0006828140972514262	periphery
1131	64	65	0.0	0.0011081516606397093	feeder
1132	65	66	0.0021949078138718174	0.001611492096930318	feeder
1133	65	67	0.0	0.0017219091320232812	feeder
1134	66	67	0.0	0.0006556532362838204	periphery
