 Node Degree Strength CluseringCoefficient "Betweenness Unweighted" "Betweenness Weighted"
0 0 17.0 0.7815432581454539 0.6102941176470589 14.584372150187923 10.0
1 1 11.0 0.4951100776978884 0.5818181818181818 8.838391688001504 6.0
2 2 6.0 0.24106961020916626 0.6 2.8838578088578086 4.0
3 3 40.0 1.7203167615127892 0.5256410256410257 138.7040598767868 224.0
4 4 42.0 2.034459431976843 0.5400696864111498 148.1083026947284 154.0
5 5 33.0 1.6411667631984341 0.6704545454545454 35.1413891727446 36.0
6 6 6.0 0.2198116555969089 0.7333333333333333 0.8716374405736107 0.0
7 7 30.0 1.428208520596553 0.6988505747126437 29.83694744892848 34.0
8 8 16.0 0.7244027358873704 0.5333333333333333 23.1178846772177 28.0
9 9 20.0 0.7484672991423291 0.6210526315789474 21.326771459249958 42.0
10 10 18.0 0.8931224403902629 0.48366013071895425 30.80816530803615 26.0
11 11 30.0 1.6225564959386058 0.7264367816091954 21.684152865614855 6.0
12 12 14.0 0.7923087850082567 0.5164835164835165 15.999987980060084 8.0
13 13 33.0 1.661883884727197 0.6174242424242424 52.853383125468866 52.0
14 14 34.0 1.772780688813254 0.6898395721925134 33.57646659731149 26.0
15 15 7.0 0.3476670301918365 0.47619047619047616 9.099412095515458 8.0
16 16 32.0 1.367368975264991 0.4939516129032258 110.98431236528154 148.0
17 17 15.0 0.6639898432670491 0.44761904761904764 33.838402867952595 50.0
18 18 4.0 0.19599788705019316 0.8333333333333334 0.4 0.0
19 19 41.0 1.984706096384644 0.5573170731707318 94.2531285975478 64.0
20 20 4.0 0.19243028753797706 0.5 1.9812977644247947 0.0
21 21 18.0 0.7985513051411544 0.4444444444444444 74.81553987071707 108.0
22 22 31.0 1.3628027607297901 0.5612903225806452 88.48546416848585 46.0
23 23 38.0 1.592261051640034 0.4879089615931721 157.54447500146512 164.0
24 24 20.0 1.0317743311535368 0.4421052631578947 64.55606758700489 28.0
25 25 11.0 0.5823046493230103 0.5454545454545454 20.05010841346343 36.0
26 26 8.0 0.3258602775058948 0.5357142857142857 6.026398350634976 4.0
27 27 5.0 0.19902479444945403 0.6 1.01464148877942 8.0
28 28 23.0 1.0071502323337045 0.4901185770750988 79.63523060855076 60.0
29 29 33.0 1.5406661404788902 0.6060606060606061 95.03614071957203 130.0
30 30 13.0 0.691597945183126 0.5 14.763827450785657 0.0
31 31 32.0 1.3630702712546838 0.5645161290322581 125.13332366506704 164.0
32 32 16.0 0.6056576838416079 0.725 12.733257748720707 36.0
33 33 8.0 0.32789975286605516 0.6428571428571429 2.581265478922732 6.0
34 34 32.0 1.3746479014057065 0.6129032258064516 45.24205357334827 68.0
35 35 13.0 0.5416637899956973 0.6025641025641025 11.259216185141792 12.0
36 36 16.0 0.6386153773896296 0.5416666666666666 42.899963957295164 104.0
37 37 35.0 1.5352168671346385 0.6504201680672269 59.67488999706948 114.0
38 38 38.0 1.9394382510923118 0.5789473684210527 84.56399026799551 42.0
39 39 32.0 1.5662866598746865 0.655241935483871 36.38460042480316 26.0
40 40 36.0 1.635310675298023 0.5126984126984127 128.1695716685945 160.0
41 41 29.0 1.3494455898883806 0.729064039408867 22.71908702844234 16.0
42 42 29.0 1.5404369682946364 0.7758620689655172 14.724771532392017 6.0
43 43 25.0 1.0110849713899719 0.7933333333333333 8.22658693467569 46.0
44 44 29.0 1.2466450935078834 0.7167487684729064 22.038278906198773 16.0
45 45 29.0 1.4720431243621863 0.7192118226600985 19.910924196581487 28.0
46 46 34.0 1.5816250932089702 0.5561497326203209 97.57822519812343 48.0
47 47 23.0 1.1356801976190891 0.6205533596837944 23.991060575959633 20.0
48 48 34.0 1.6353036564064714 0.6381461675579323 44.10570521108426 32.0
49 49 13.0 0.5966772093375778 0.4358974358974359 28.80829176037205 14.0
50 50 33.0 1.434729280986113 0.6325757575757576 47.65857735034363 70.0
51 51 19.0 0.887923235996379 0.4853801169590643 32.12673762700799 28.0
52 52 17.0 0.8615501273445715 0.5367647058823529 22.111599770787123 20.0
53 53 28.0 1.3755402015489195 0.7486772486772487 16.72026751416964 32.0
54 54 14.0 0.5656251989701365 0.4945054945054945 17.03008002405433 40.0
55 55 21.0 0.9143707083571273 0.5666666666666667 27.52382439347566 58.0
56 56 14.0 0.6126797779398738 0.7472527472527473 4.9765667251950525 6.0
57 57 28.0 1.1912001164915396 0.48677248677248675 71.98799541113141 52.0
58 58 27.0 1.2128236918298192 0.31054131054131057 162.6785499935005 196.0
59 59 15.0 0.7568745914520517 0.47619047619047616 24.13474124521543 24.0
60 60 13.0 0.5860251107549065 0.5 13.255572366215395 24.0
61 61 24.0 1.120486100792295 0.4927536231884058 63.02344157552685 64.0
62 62 14.0 0.8118165526431771 0.6043956043956044 8.246556610525072 0.0
63 63 45.0 2.0835371800577427 0.47878787878787876 182.42751241722934 134.0
64 64 12.0 0.5606388060522024 0.5757575757575758 10.011161106857028 8.0
65 65 21.0 1.1010439011406106 0.4714285714285714 44.78215348667179 34.0
66 66 17.0 0.8482891792742928 0.5955882352941176 15.499830003798465 14.0
67 67 44.0 2.1307009990404233 0.5063424947145877 152.23955042355746 102.0
