 Node Degree Strength CluseringCoefficient "Betweenness Unweighted" "Betweenness Weighted"
0 0 23.0 1.2643922859679584 0.6837944664031621 41.917411634171586 46.0
1 1 14.0 0.6743948268440743 0.5714285714285714 40.28362377570328 32.0
2 2 3.0 0.14424175858994276 0.3333333333333333 1.437283437283437 0.0
3 3 34.0 1.8958235221157724 0.6203208556149733 118.34914519642474 80.0
4 4 42.0 2.4673339116567 0.5737514518002322 116.91486637772893 130.0
5 5 32.0 2.0078623064528234 0.6008064516129032 76.76621780705682 78.0
6 6 11.0 0.49196247661442355 0.6727272727272727 3.921385655600417 6.0
7 7 32.0 1.9756922307020477 0.7560483870967742 20.80817218514781 0.0
8 8 28.0 1.5968893524354206 0.5132275132275133 200.64294593591657 158.0
9 9 16.0 0.7198269562537976 0.7333333333333333 6.547957767711066 26.0
10 10 11.0 0.5982468312551816 0.34545454545454546 19.345857293709315 18.0
11 11 41.0 2.6247725990984825 0.6121951219512195 64.35049345197963 12.0
12 12 13.0 0.7629540291697311 0.5 26.165794702823312 22.0
13 13 35.0 2.1911740315733446 0.6638655462184874 57.26060731507459 40.0
14 14 39.0 2.482462184780073 0.6221322537112011 62.247072834105325 28.0
15 15 9.0 0.47013746830000774 0.6666666666666666 6.649213233592217 10.0
16 16 14.0 0.6985216627306848 0.3626373626373626 49.80340972000943 48.0
17 17 8.0 0.4471728538517076 0.42857142857142855 10.790107614457082 6.0
18 18 7.0 0.3925522703520601 0.6666666666666666 3.548709134803046 2.0
19 19 35.0 2.047571052300989 0.6521008403361345 47.77930632493882 30.0
20 20 8.0 0.36145429952487174 0.42857142857142855 11.957653014251377 28.0
21 21 20.0 0.961688849675629 0.4631578947368421 81.29506141909965 116.0
22 22 21.0 0.9470232635421634 0.5523809523809524 49.23407920214811 80.0
23 23 39.0 2.300715203952328 0.581646423751687 81.12398358384462 116.0
24 24 22.0 1.1913708856255654 0.44155844155844154 76.86198731681482 66.0
25 25 17.0 0.7749985878970915 0.4117647058823529 44.47389156841038 108.0
26 26 7.0 0.2960509289312838 0.6190476190476191 6.161987328842011 16.0
27 27 14.0 0.6041968428377607 0.5604395604395604 17.901581938082952 44.0
28 28 14.0 0.7193874472131782 0.6153846153846154 16.95768330423122 42.0
29 29 10.0 0.44419727779933554 0.7555555555555555 2.7031669970875365 8.0
30 30 26.0 1.2262444661916976 0.7076923076923077 18.40035123132467 52.0
31 31 27.0 1.3803187913049495 0.5441595441595442 93.46885231230688 86.0
32 32 21.0 1.0346054916183407 0.6428571428571429 96.20301484097668 110.0
33 33 1.0 0.03668361004768604 0.0 0.0 0.0
34 34 36.0 1.828309108467476 0.6142857142857143 56.457577874567775 124.0
35 35 11.0 0.5307157287269663 0.41818181818181815 38.77474757911544 72.0
36 36 3.0 0.13154441928917573 0.3333333333333333 1.3069031880177393 0.0
37 37 40.0 2.3312738365038412 0.5666666666666667 96.93136404238797 84.0
38 38 40.0 2.4193209636791764 0.5717948717948718 94.30468566528947 94.0
39 39 33.0 1.7861055498012963 0.6193181818181818 49.22531529603683 30.0
40 40 30.0 1.5012158358292873 0.7310344827586207 25.279138526262503 60.0
41 41 29.0 1.7716659388504417 0.7783251231527094 16.45366619060265 14.0
42 42 39.0 2.406291939661824 0.5883940620782726 71.57857094658245 44.0
43 43 32.0 1.8746255825580513 0.6995967741935484 42.287747982247936 42.0
44 44 35.0 2.054689814382588 0.6252100840336134 58.388438958691715 42.0
45 45 40.0 2.5199774029273887 0.5897435897435898 71.00772183039807 70.0
46 46 39.0 2.3159272183813338 0.5492577597840755 114.55988003845252 62.0
47 47 17.0 0.9580559696630402 0.5735294117647058 19.328232650932296 22.0
48 48 41.0 2.4464254795229334 0.5902439024390244 77.35073866588965 66.0
49 49 20.0 0.996379388798358 0.46842105263157896 57.3859955281878 82.0
50 50 31.0 1.7461587049057332 0.7010752688172043 29.83806107599022 28.0
51 51 24.0 1.2963905270766678 0.6992753623188406 17.389378663808074 24.0
52 52 21.0 1.181908683819613 0.6285714285714286 21.50899356071792 52.0
53 53 29.0 1.7614800670973103 0.7266009852216748 21.315876736663842 88.0
54 54 25.0 1.2023090044775797 0.6066666666666667 33.70102280523204 34.0
55 55 19.0 0.9629291324606282 0.5964912280701754 57.46014650880641 74.0
56 56 16.0 0.726945734314994 0.65 15.769270991635432 26.0
57 57 36.0 2.0284343205245676 0.6079365079365079 72.93371613541618 64.0
58 58 25.0 1.2786643050955404 0.38 118.80490174084329 96.0
59 59 16.0 0.8611262245326248 0.8 4.388601755371401 16.0
60 60 11.0 0.5464861557785105 0.4727272727272727 15.69915054965041 16.0
61 61 27.0 1.4505647679055795 0.6609686609686609 39.76238519321799 42.0
62 62 13.0 0.7794509443035903 0.5769230769230769 13.042203543593363 12.0
63 63 32.0 1.5950113333103915 0.5866935483870968 59.00027799430577 68.0
64 64 36.0 1.7041772376002302 0.6158730158730159 58.58259879271111 174.0
65 65 27.0 1.424446920373683 0.43874643874643876 102.07208512123101 96.0
66 66 21.0 1.181454273654949 0.5238095238095238 43.03512689325207 48.0
67 67 30.0 1.580711567381106 0.5655172413793104 64.80260151823244 50.0
