 Node Degree Strength CluseringCoefficient "Betweenness Unweighted" "Betweenness Weighted"
0 0 32.0 3.748862786635754 0.6774193548387096 29.915478527471517 6.0
1 1 34.0 6.8512938179877745 0.6167557932263814 37.789285323134244 546.0
2 2 29.0 5.787594555744901 0.7758620689655172 12.875275351715187 140.0
3 3 30.0 6.871786607176487 0.6850574712643678 22.693727571693636 0.0
4 4 30.0 4.275022033942372 0.6160919540229886 29.71116241848008 0.0
5 5 27.0 4.579517489319758 0.5754985754985755 42.8003828858821 268.0
6 6 31.0 7.942222094990289 0.7913978494623656 14.719149184694405 8.0
7 7 20.0 4.562894048013714 0.5789473684210527 32.69145661371373 0.0
8 8 38.0 10.23639015595766 0.7112375533428165 26.40227578055833 22.0
9 9 28.0 4.193059895438885 0.6111111111111112 30.363897106829498 406.0
10 10 30.0 5.320514039139088 0.6528735632183909 31.258954055710767 0.0
11 11 31.0 4.983956327495678 0.6408602150537634 30.44173257621585 832.0
12 12 33.0 7.066003172876685 0.7102272727272727 26.191496776534073 42.0
13 13 31.0 5.597180309360326 0.632258064516129 47.544794550810046 236.0
14 14 40.0 3.7220386366415545 0.5269230769230769 90.26481684018633 360.0
15 15 27.0 6.6530706781662765 0.7635327635327636 12.422754547786331 0.0
16 16 36.0 5.455565150849323 0.6555555555555556 35.569484246275756 304.0
17 17 26.0 5.271420616005972 0.6676923076923077 30.16979766803269 98.0
18 18 32.0 6.1888778060498915 0.7600806451612904 19.067233019081115 8.0
19 19 28.0 4.358580533153717 0.5925925925925926 38.535112874009926 372.0
20 20 24.0 5.820070984799606 0.7137681159420289 18.026552556288387 6.0
21 21 43.0 7.768296623431171 0.6290143964562569 55.63212743259968 140.0
22 22 24.0 5.502776755707639 0.6920289855072463 23.450489365245005 148.0
23 23 37.0 7.9399563614641835 0.6351351351351351 46.79091225351088 302.0
24 24 35.0 9.048533941729877 0.7563025210084033 15.718457980602507 58.0
25 25 35.0 7.279916316808758 0.704201680672269 24.03339387045181 20.0
26 26 38.0 10.828679871458043 0.7496443812233285 18.84420830755187 0.0
27 27 24.0 5.2954267244528594 0.7644927536231884 10.397307136231236 0.0
28 28 44.0 6.262387902300632 0.5095137420718816 107.20149122657182 208.0
29 29 28.0 5.0586065221913055 0.5661375661375662 50.99594116674996 72.0
30 30 37.0 5.505913623006705 0.6666666666666666 34.872239091710526 12.0
31 31 37.0 6.310070697263946 0.6561561561561562 34.62983900160215 62.0
32 32 40.0 6.737505258957173 0.5743589743589743 66.63169381572759 324.0
33 33 30.0 5.999581948428595 0.6574712643678161 28.727286213534068 184.0
34 34 30.0 3.173256338580839 0.6068965517241379 35.218830925398684 678.0
35 35 38.0 5.991217238320367 0.6443812233285917 40.817798415559814 440.0
36 36 36.0 8.996296880801761 0.7492063492063492 19.652603017043635 328.0
37 37 29.0 5.911007054737795 0.6921182266009852 21.154389442793956 0.0
38 38 39.0 7.9854534073952275 0.7435897435897436 20.418071857599614 0.0
39 39 28.0 4.0871414877692205 0.582010582010582 38.63493850213057 102.0
40 40 37.0 8.989660769221032 0.7312312312312312 24.831670839819754 50.0
41 41 33.0 5.075175328499333 0.7045454545454546 27.12316098298671 296.0
42 42 37.0 10.245874299189301 0.7222222222222222 24.3532382396006 364.0
43 43 36.0 5.30974148262692 0.5904761904761905 56.58882863533481 828.0
44 44 40.0 7.777097740907357 0.676923076923077 35.216548826367855 244.0
45 45 34.0 5.717502521740783 0.6096256684491979 39.26263202721284 0.0
46 46 31.0 6.570671337926774 0.7161290322580646 23.362612820645662 274.0
47 47 37.0 8.70427718931739 0.7657657657657657 16.458124353845474 120.0
48 48 32.0 3.5720968534954487 0.5967741935483871 43.70511804760045 908.0
49 49 29.0 7.018290765724254 0.7364532019704434 16.430393148945004 480.0
50 50 36.0 6.296290054323458 0.626984126984127 43.9018847150419 38.0
51 51 40.0 9.048335023470077 0.7141025641025641 28.273829188917365 668.0
52 52 41.0 6.9888445373916275 0.598780487804878 56.52938892032359 40.0
53 53 31.0 5.360685726054912 0.6258064516129033 30.653984623140605 498.0
54 54 31.0 6.876311650464033 0.7118279569892473 21.0704648943601 146.0
55 55 41.0 6.339989871301495 0.5878048780487805 68.71010549679488 1018.0
56 56 31.0 7.922824314360156 0.7333333333333333 16.747759479068165 0.0
57 57 31.0 6.228390258483606 0.6537634408602151 35.01898763725227 0.0
58 58 36.0 9.62193852228631 0.734920634920635 19.727345314336834 204.0
59 59 37.0 9.091486795587677 0.6891891891891891 31.012234069984324 46.0
60 60 38.0 10.732813749215996 0.732574679943101 23.371656509277965 0.0
61 61 24.0 6.650507039886738 0.75 11.391397393802245 0.0
62 62 42.0 7.727991671437345 0.5737514518002322 70.52942245233882 60.0
63 63 30.0 6.488111175484248 0.6988505747126437 22.245210567868824 0.0
64 64 37.0 7.05378881415527 0.6771771771771772 33.48897373783186 302.0
65 65 41.0 5.680204680141232 0.5890243902439024 61.19094040007909 56.0
66 66 35.0 5.492648990768769 0.6453781512605042 39.64727354253867 6.0
67 67 33.0 7.255472665581219 0.6704545454545454 29.879973636963925 32.0
