 Node Degree Strength CluseringCoefficient "Betweenness Unweighted" "Betweenness Weighted"
0 0 27.0 1.1465248870153661 0.5527065527065527 63.81802032308001 66.0
1 1 10.0 0.4409975379838252 0.5777777777777777 9.112626893021968 6.0
2 2 7.0 0.2827169319925814 0.5238095238095238 5.3679429615562935 4.0
3 3 26.0 1.1210978899910131 0.6523076923076923 40.18129407710518 42.0
4 4 44.0 2.086122177715505 0.48414376321353064 215.1804607124018 146.0
5 5 33.0 1.6823200313385054 0.5965909090909091 59.66304118460575 46.0
6 6 6.0 0.20027506341365264 0.3333333333333333 4.9249664937745425 12.0
7 7 30.0 1.3507125859872613 0.6114942528735632 45.457043093588794 74.0
8 8 18.0 0.7846532239244145 0.5555555555555556 27.021042858236125 38.0
9 9 14.0 0.48164925453239027 0.5934065934065934 16.141692413272477 32.0
10 10 20.0 0.9113774724998028 0.4421052631578947 43.677223374476064 22.0
11 11 40.0 1.9842027763487853 0.5461538461538461 93.11102153458765 68.0
12 12 12.0 0.676591829194128 0.48484848484848486 22.40237505572396 20.0
13 13 36.0 1.751366948221829 0.5857142857142857 78.48540589029464 78.0
14 14 42.0 2.0644030357943715 0.5598141695702671 83.3473682712138 54.0
15 15 9.0 0.4221961212008106 0.5833333333333334 12.990592720566221 8.0
16 16 29.0 1.1134682001497316 0.4211822660098522 168.2331616543016 240.0
17 17 8.0 0.38703266224810995 0.42857142857142855 11.24575534777768 6.0
18 18 6.0 0.2437182611661843 0.5333333333333333 3.5977124183006537 8.0
19 19 34.0 1.560728342253071 0.5882352941176471 68.05866739985169 122.0
20 20 6.0 0.2539081598150946 0.3333333333333333 14.70936254054055 24.0
21 21 28.0 1.1776897211097115 0.42328042328042326 142.61848513550694 152.0
22 22 20.0 0.812942071613561 0.5263157894736842 51.92247054944702 48.0
23 23 40.0 1.7759423298591543 0.5205128205128206 182.3567075221435 86.0
24 24 16.0 0.8430590886598284 0.39166666666666666 51.49041947727554 36.0
25 25 11.0 0.5670125832658631 0.509090909090909 16.490455748016995 20.0
26 26 7.0 0.2690387925962461 0.5714285714285714 8.687633440314865 10.0
27 27 3.0 0.11515157701956938 0.3333333333333333 2.0896410146113866 6.0
28 28 15.0 0.6160807726938973 0.41904761904761906 38.00143554072037 38.0
29 29 23.0 0.8882268746177063 0.6403162055335968 42.52442408290301 88.0
30 30 14.0 0.6640823841769093 0.3956043956043956 32.70971284304455 46.0
31 31 33.0 1.3206303006563571 0.48863636363636365 169.732459046556 146.0
32 32 29.0 1.0733857289715631 0.6305418719211823 49.59828841110799 72.0
33 33 4.0 0.17590346870694157 1.0 0.0 0.0
34 34 35.0 1.36588136133354 0.5008403361344538 106.6043309925223 232.0
35 35 11.0 0.45134080723379977 0.4909090909090909 27.65158865099186 44.0
36 36 5.0 0.18109123293526966 0.3 3.0641784721874155 6.0
37 37 25.0 1.161543362787088 0.7 21.898657918653615 18.0
38 38 36.0 1.8229195207616335 0.5984126984126984 69.14335242643628 76.0
39 39 26.0 1.2019146111920969 0.6615384615384615 21.44414566284232 16.0
40 40 16.0 0.6392790328681127 0.6166666666666667 31.508546585643032 88.0
41 41 24.0 1.0419413786984528 0.7753623188405797 10.386043289725263 18.0
42 42 29.0 1.5858504617342786 0.6748768472906403 29.96140234969389 8.0
43 43 24.0 0.9318948676607357 0.7717391304347826 11.116334324469431 38.0
44 44 30.0 1.2870650488364148 0.6804597701149425 25.29475967731591 22.0
45 45 30.0 1.5061064055180209 0.671264367816092 26.050832450190814 28.0
46 46 30.0 1.409355981640336 0.5885057471264368 63.56242539287775 10.0
47 47 21.0 0.9708454536334422 0.6476190476190476 13.457081583372283 8.0
48 48 32.0 1.4945474756034829 0.6290322580645161 37.13623168836084 52.0
49 49 16.0 0.6843285522808235 0.375 49.72911661116387 62.0
50 50 31.0 1.2884224575786214 0.6494623655913978 35.6532509856209 32.0
51 51 20.0 0.8982595103976531 0.5947368421052631 21.839342816639128 20.0
52 52 21.0 0.9866728798684921 0.5904761904761905 29.29087150016072 36.0
53 53 18.0 0.8626293392762591 0.6862745098039216 11.720165422372135 18.0
54 54 15.0 0.5818431073225162 0.580952380952381 17.305861937063845 12.0
55 55 27.0 1.1307047040157587 0.4586894586894587 112.80955180150382 116.0
56 56 11.0 0.4273603211339632 0.45454545454545453 17.484221112031765 50.0
57 57 30.0 1.242743710751302 0.5218390804597701 81.42977361190444 40.0
58 58 22.0 0.9935422439833687 0.3333333333333333 114.26286945530627 80.0
59 59 18.0 0.8290431703153507 0.6339869281045751 14.551192055944378 14.0
60 60 13.0 0.5498844409265118 0.5128205128205128 20.993949955833312 38.0
61 61 16.0 0.6365663035505115 0.425 31.42646250181828 88.0
62 62 18.0 0.9192643172491539 0.6862745098039216 8.017036360029518 4.0
63 63 35.0 1.3179322012947563 0.4773109243697479 122.74661038681823 212.0
64 64 20.0 0.783560441044562 0.37894736842105264 75.82325291566232 80.0
65 65 24.0 1.1575175134840827 0.5144927536231884 52.40135426685249 40.0
66 66 21.0 0.9796573199313244 0.638095238095238 15.864886827239568 6.0
67 67 30.0 1.3197112417602017 0.4735632183908046 119.42140798082636 106.0
