 Node Degree Strength CluseringCoefficient "Betweenness Unweighted" "Betweenness Weighted"
0 0 25.0 1.2662882803575632 0.6166666666666667 41.0481863776222 50.0
1 1 12.0 0.5980341895512722 0.4696969696969697 21.596775203490242 10.0
2 2 10.0 0.38164180365304384 0.35555555555555557 36.56372431064789 102.0
3 3 35.0 1.7958838659609047 0.5529411764705883 127.92297339951281 104.0
4 4 39.0 2.2869312759980382 0.5883940620782726 80.34412964730467 60.0
5 5 31.0 1.8505939955571584 0.6537634408602151 42.792811039680856 64.0
6 6 9.0 0.33758029684925606 0.5833333333333334 3.561474021564526 20.0
7 7 35.0 2.067503762181747 0.6521008403361345 45.565587574177194 46.0
8 8 21.0 1.0550691436803996 0.5714285714285714 37.62557358605076 26.0
9 9 5.0 0.17865277113553374 0.3 2.6632496646450132 14.0
10 10 19.0 0.8901294483631015 0.4152046783625731 53.156930500812635 104.0
11 11 38.0 2.3809910696023224 0.6073968705547653 67.32773387197037 52.0
12 12 14.0 0.7753089120116442 0.5824175824175825 13.833988216562343 10.0
13 13 38.0 2.1964836769007148 0.5305832147937412 155.67718958515073 168.0
14 14 34.0 2.2038155535517534 0.6702317290552585 41.35251247508515 8.0
15 15 10.0 0.48037745445209545 0.5333333333333333 23.948572383490728 16.0
16 16 24.0 1.0761609741506992 0.35144927536231885 106.95025271446532 166.0
17 17 15.0 0.687796342027027 0.47619047619047616 17.1461212174841 44.0
18 18 9.0 0.4556882684113811 0.6388888888888888 2.652158952158952 6.0
19 19 34.0 1.8274409891401622 0.6417112299465241 55.933709374782005 68.0
20 20 5.0 0.24026787279995393 0.3 10.562613244176012 6.0
21 21 19.0 0.8926822640211137 0.49707602339181284 69.19806415485152 46.0
22 22 16.0 0.6726548292329895 0.6083333333333333 69.32336244952874 92.0
23 23 37.0 2.1329395397597186 0.5795795795795796 164.20818617381175 102.0
24 24 23.0 1.1721668323389054 0.4426877470355731 69.38012320024016 92.0
25 25 18.0 0.856850167197603 0.41830065359477125 41.47451632196723 60.0
26 26 13.0 0.5869658406699262 0.4230769230769231 35.573464836014494 28.0
27 27 3.0 0.12439298421322034 0.6666666666666666 3.455429785853356 4.0
28 28 18.0 0.8373545949850354 0.5359477124183006 24.944028898177255 52.0
29 29 11.0 0.4782868924675024 0.8363636363636363 1.5091491841491842 4.0
30 30 13.0 0.600384727811872 0.5641025641025641 15.927999272114805 28.0
31 31 33.0 1.7261235985698444 0.5549242424242424 107.0911001964943 50.0
32 32 28.0 1.3037019330931032 0.6772486772486772 60.36351617393477 64.0
33 33 5.0 0.18456545693916998 0.4 1.2547119547119547 8.0
34 34 33.0 1.7402177709510014 0.615530303030303 57.587536023077 46.0
35 35 13.0 0.6414188512877886 0.4230769230769231 29.302412586962603 22.0
36 36 10.0 0.4104737660581923 0.3111111111111111 17.27473725969412 18.0
37 37 30.0 1.7206985805837554 0.7080459770114943 42.99444458688637 44.0
38 38 38.0 2.368940789290241 0.5903271692745377 86.02391870107166 72.0
39 39 21.0 1.1252331595836287 0.6142857142857143 31.073485513205537 54.0
40 40 14.0 0.591087591491501 0.6043956043956044 10.015459969427136 28.0
41 41 32.0 1.8199811585737953 0.7137096774193549 25.481662288769577 22.0
42 42 32.0 1.9910175768477059 0.7116935483870968 29.45624975675488 4.0
43 43 28.0 1.2800817212282203 0.7962962962962963 17.251769727811627 60.0
44 44 40.0 2.264256744030834 0.5743589743589743 87.02736935940925 84.0
45 45 36.0 2.1817347159820515 0.6714285714285714 40.227545696304766 20.0
46 46 39.0 2.377352146816344 0.5762483130904184 85.13195093417161 44.0
47 47 20.0 1.0442969156629351 0.47368421052631576 44.553911698829445 54.0
48 48 38.0 2.0858405527618307 0.5647226173541963 114.58342551811054 150.0
49 49 24.0 1.1665616551225162 0.5507246376811594 50.86966690774701 46.0
50 50 37.0 2.0046357370055046 0.6051051051051051 71.90715030105923 80.0
51 51 27.0 1.4417395343417492 0.7236467236467237 18.42217339838737 6.0
52 52 18.0 0.9315822513009906 0.5294117647058824 22.385989929133093 24.0
53 53 26.0 1.3896213671533972 0.7015384615384616 19.130667144940098 30.0
54 54 14.0 0.6417643561854456 0.43956043956043955 21.510295225723475 32.0
55 55 17.0 0.7997447798262243 0.5073529411764706 53.796776272757214 104.0
56 56 11.0 0.4968839627624418 0.43636363636363634 17.277580315400588 26.0
57 57 35.0 1.695425086875559 0.5546218487394958 86.00071647223697 76.0
58 58 24.0 1.1786491418546199 0.322463768115942 120.13365464353781 84.0
59 59 26.0 1.2492131401195117 0.6707692307692308 28.02230549528946 56.0
60 60 19.0 0.9075867075534043 0.38011695906432746 56.41966145246229 70.0
61 61 10.0 0.4777354950407099 0.6222222222222222 4.940686782551353 0.0
62 62 15.0 0.7576976007110047 0.5047619047619047 18.659385402303005 42.0
63 63 27.0 1.142010374016884 0.49002849002849 70.86860228557849 148.0
64 64 19.0 0.8338302560431534 0.49122807017543857 39.34936955796774 68.0
65 65 20.0 1.0751336271194587 0.4421052631578947 43.5503687534996 10.0
66 66 25.0 1.3371645959471286 0.51 46.08901064653463 50.0
67 67 35.0 1.8105784569048409 0.6050420168067226 58.75013942972026 46.0
