 Node Degree Strength CluseringCoefficient "Betweenness Unweighted" "Betweenness Weighted"
0 0 27.0 1.5220853698248171 0.5156695156695157 57.759590415304025 64.0
1 1 16.0 0.8468265070451763 0.5583333333333333 17.30091333075399 34.0
2 2 13.0 0.6546312131456536 0.32051282051282054 39.72692469635075 50.0
3 3 35.0 2.1802504053584815 0.6100840336134454 44.158536973322164 34.0
4 4 35.0 2.2822882315309574 0.5579831932773109 64.08209147330189 48.0
5 5 38.0 2.5494050301862554 0.5533428165007113 81.14142952838344 62.0
6 6 5.0 0.22035806222418547 0.2 2.5073856209150325 16.0
7 7 37.0 2.3859689352466407 0.5990990990990991 50.12427968908854 20.0
8 8 16.0 0.862232268875119 0.6 28.23001476989966 16.0
9 9 19.0 0.935961670779667 0.6608187134502924 27.842056745478327 46.0
10 10 13.0 0.7895278443642866 0.4358974358974359 15.374048802541294 4.0
11 11 37.0 2.633013586119356 0.5705705705705706 77.55802852696516 34.0
12 12 18.0 1.0298207396382442 0.5424836601307189 26.087272049334487 40.0
13 13 35.0 2.3224273247381424 0.5647058823529412 67.24329354100168 48.0
14 14 39.0 2.6005646517054983 0.5492577597840755 76.2750638404667 104.0
15 15 12.0 0.6628940823640073 0.5757575757575758 25.686304616468075 18.0
16 16 21.0 1.0791891492277228 0.3047619047619048 77.90698082501589 68.0
17 17 13.0 0.7265160083855832 0.38461538461538464 20.674363753229628 8.0
18 18 12.0 0.6393330986127335 0.5909090909090909 7.487814962814962 16.0
19 19 34.0 2.237099079823349 0.64349376114082 40.0922278046373 32.0
20 20 6.0 0.3134988446129606 0.13333333333333333 12.85142839238512 18.0
21 21 15.0 0.7995619792091263 0.3047619047619048 36.748210955477674 64.0
22 22 14.0 0.6510035836571771 0.5054945054945055 29.324635659303443 64.0
23 23 30.0 1.749123984161192 0.5448275862068965 95.97906004790677 56.0
24 24 27.0 1.5658186565938632 0.5185185185185185 57.68048606457488 54.0
25 25 16.0 0.808669120527529 0.375 36.13380845174493 52.0
26 26 31.0 1.759613365686136 0.5913978494623656 53.14835098915494 50.0
27 27 6.0 0.294748062615234 0.2 10.1829189844825 10.0
28 28 21.0 1.143857145203505 0.5285714285714286 29.307294683385294 54.0
29 29 21.0 0.9847887957025718 0.5333333333333333 26.428074293044162 78.0
30 30 17.0 0.8708718759681578 0.4117647058823529 24.939034552478827 44.0
31 31 36.0 1.9407690776400686 0.5 97.40793665452007 92.0
32 32 18.0 0.9053376099155016 0.5947712418300654 24.567571993731935 50.0
33 33 9.0 0.39731904823236563 0.3055555555555556 9.37657488076558 42.0
34 34 35.0 2.255294681223835 0.6470588235294118 36.555183186102184 42.0
35 35 32.0 1.7113547563017382 0.5100806451612904 76.99342127376916 72.0
36 36 19.0 0.9428160878964381 0.6081871345029239 15.071670065092023 36.0
37 37 24.0 1.555270906828177 0.6594202898550725 18.350799897822743 34.0
38 38 41.0 2.767178231817351 0.552439024390244 81.00095705612448 40.0
39 39 36.0 2.401654343762218 0.5841269841269842 51.34827840520828 14.0
40 40 19.0 0.9571209247234351 0.6198830409356725 12.472181325286517 30.0
41 41 38.0 2.4667246528554645 0.6102418207681366 52.83013905783904 58.0
42 42 32.0 2.0859143088363186 0.6310483870967742 36.49399180715263 28.0
43 43 19.0 0.9260287335898056 0.5263157894736842 39.620157456371246 92.0
44 44 40.0 2.516188917666083 0.558974358974359 83.85453646888594 64.0
45 45 35.0 2.399723372188301 0.6521008403361345 36.81822265180498 16.0
46 46 33.0 2.0821864579179374 0.5909090909090909 64.36979329251754 32.0
47 47 37.0 2.3373750161409452 0.5135135135135135 98.43102153608672 52.0
48 48 37.0 2.484937848698447 0.5975975975975976 75.03386746729196 74.0
49 49 27.0 1.648322539902728 0.6267806267806267 31.898446598513704 12.0
50 50 23.0 1.174765870917918 0.5731225296442688 27.158427032581905 56.0
51 51 24.0 1.3161606024344772 0.5760869565217391 29.831776991866153 50.0
52 52 16.0 0.8856906268583241 0.36666666666666664 31.909918091587777 46.0
53 53 32.0 2.152071375041806 0.655241935483871 35.406307456674405 20.0
54 54 19.0 1.0235544836592991 0.5847953216374269 24.33201844517896 30.0
55 55 24.0 1.2361263442153596 0.48188405797101447 41.91808307982108 62.0
56 56 24.0 1.2929825468374858 0.5507246376811594 38.63155769220883 92.0
57 57 20.0 1.1363096162832325 0.5947368421052631 16.64794788512142 10.0
58 58 25.0 1.424106090938137 0.45666666666666667 57.26644309348198 82.0
59 59 17.0 0.9076938253433741 0.4852941176470588 45.70983204277916 66.0
60 60 36.0 2.2410432797174957 0.5349206349206349 87.01678807640725 24.0
61 61 22.0 1.1355987665141705 0.5497835497835498 42.02404078265144 72.0
62 62 18.0 0.9911597515121167 0.477124183006536 22.995849057662156 48.0
63 63 28.0 1.4202563044014334 0.4947089947089947 52.85402860256059 92.0
64 64 17.0 0.8923258590190775 0.4338235294117647 22.959441604595735 42.0
65 65 24.0 1.4142014056520638 0.41304347826086957 63.262119036781186 54.0
66 66 32.0 1.9528372802800664 0.6028225806451613 42.442426058879974 30.0
67 67 37.0 2.164845700819569 0.545045045045045 69.15631885506173 56.0
