 Node Degree Strength CluseringCoefficient "Betweenness Unweighted" "Betweenness Weighted"
0 0 9.0 0.4800498012442276 0.5555555555555556 7.114997713561258 4.0
1 1 13.0 0.5882724622318539 0.8076923076923077 3.9839324408173775 10.0
2 2 8.0 0.3267257533765723 0.8571428571428571 0.8434782608695652 2.0
3 3 30.0 1.4480883195449528 0.6137931034482759 47.09419089001345 66.0
4 4 35.0 1.759079257074269 0.5126050420168067 118.82000033327336 104.0
5 5 26.0 1.3014576594258822 0.7169230769230769 16.593240494124338 8.0
6 6 9.0 0.33465629857107626 0.8333333333333334 0.7994652406417113 8.0
7 7 21.0 1.0904542165227684 0.580952380952381 41.946332727057396 46.0
8 8 13.0 0.5784048265254675 0.41025641025641024 26.375666673941716 22.0
9 9 27.0 1.0744475894391503 0.48148148148148145 63.55885718863224 116.0
10 10 27.0 1.302704539267759 0.5384615384615384 60.176316422037 78.0
11 11 19.0 1.134733451738344 0.6842105263157895 14.959142887150534 12.0
12 12 22.0 1.1497065438709801 0.658008658008658 18.831884499109933 6.0
13 13 25.0 1.3210368492026916 0.65 32.84302781906738 14.0
14 14 20.0 1.1901018431670247 0.7052631578947368 20.267384392686772 46.0
15 15 8.0 0.3787547551173619 0.42857142857142855 8.879969058214447 4.0
16 16 42.0 1.8629242118331775 0.42044134727061555 253.09030263218298 376.0
17 17 20.0 0.9029768359631681 0.5 39.36002343751015 38.0
18 18 9.0 0.3602888424004707 0.4722222222222222 8.1137320747249 34.0
19 19 45.0 2.2141621585141102 0.4767676767676768 158.37283118072074 146.0
20 20 7.0 0.29550261064126654 0.47619047619047616 6.7414306643718405 16.0
21 21 16.0 0.709212725588957 0.36666666666666664 61.81949736211212 60.0
22 22 37.0 1.8251600246512336 0.551051051051051 92.07787983173185 110.0
23 23 24.0 0.9469367006015197 0.42028985507246375 75.52664733512204 142.0
24 24 26.0 1.3102779143772911 0.6153846153846154 48.98992211740972 34.0
25 25 12.0 0.6622921502720306 0.5757575757575758 9.885280951051218 4.0
26 26 8.0 0.3246375742308467 0.6071428571428571 4.257406714248146 2.0
27 27 6.0 0.26215535888182273 0.7333333333333333 1.4897297071210112 2.0
28 28 32.0 1.45823579419635 0.5141129032258065 109.36033261297557 82.0
29 29 38.0 2.1110906085446275 0.5633001422475107 73.49580048192625 30.0
30 30 15.0 0.8322830919563098 0.5142857142857142 23.636143013206468 12.0
31 31 25.0 1.1298475083295871 0.5633333333333334 45.00847935843553 24.0
32 32 9.0 0.35132287881444724 0.4722222222222222 9.450441060678841 24.0
33 33 8.0 0.38134880623593265 0.6428571428571429 5.177519613257137 4.0
34 34 27.0 1.2227020669413586 0.5982905982905983 41.22641532105545 30.0
35 35 15.0 0.6349155165353887 0.6952380952380952 10.77752224504375 24.0
36 36 28.0 1.2165666423731536 0.5952380952380952 66.86578245610043 96.0
37 37 31.0 1.3845495913111918 0.6193548387096774 44.1978548106364 144.0
38 38 33.0 1.7079414323093594 0.5113636363636364 79.74358244727794 42.0
39 39 33.0 1.6866006659583166 0.6041666666666666 49.55627815010137 34.0
40 40 42.0 2.2065508239080183 0.4448315911730546 204.66025782135645 134.0
41 41 24.0 1.1708542419423484 0.6014492753623188 32.085786947311334 14.0
42 42 22.0 1.2097555837004361 0.683982683982684 18.402196286829835 2.0
43 43 14.0 0.6171168315306349 0.6153846153846154 10.280417584230603 14.0
44 44 13.0 0.5996020996277935 0.7564102564102564 3.7633287594447666 2.0
45 45 15.0 0.8680775878402118 0.6285714285714286 11.206345333254324 6.0
46 46 25.0 1.1633587080433723 0.42 101.57170846525675 150.0
47 47 27.0 1.3326166717247803 0.5470085470085471 59.36489767736482 58.0
48 48 27.0 1.343185796889736 0.6096866096866097 37.6989169233363 34.0
49 49 10.0 0.4882956678976057 0.4666666666666667 13.140765984376536 4.0
50 50 25.0 1.2128244770861787 0.6066666666666667 43.9529387308586 50.0
51 51 12.0 0.6596007211983582 0.5454545454545454 12.280305746125702 6.0
52 52 14.0 0.7793898088103074 0.5604395604395604 17.127247110210057 26.0
53 53 34.0 1.650161049868127 0.5614973262032086 66.5706788159291 128.0
54 54 13.0 0.5410420792024984 0.5769230769230769 11.264557794758657 40.0
55 55 19.0 0.8348231372807335 0.5263157894736842 23.434125801647564 20.0
56 56 24.0 1.0783730522180304 0.6739130434782609 37.35946073391053 80.0
57 57 20.0 0.8868194509843247 0.46842105263157896 47.951299302489296 68.0
58 58 31.0 1.4223636018605872 0.46236559139784944 142.28629518542826 180.0
59 59 15.0 0.7981918070929664 0.4095238095238095 31.13412711640924 6.0
60 60 18.0 0.781501192457144 0.43790849673202614 45.77348624886607 68.0
61 61 30.0 1.5420960571831988 0.535632183908046 83.86551847837049 96.0
62 62 15.0 0.8896323499204842 0.6 15.544155623261522 4.0
63 63 44.0 2.4567078282848356 0.46617336152219874 169.12212378635485 74.0
64 64 10.0 0.5372963791491594 0.6222222222222222 7.854763778305628 6.0
65 65 22.0 1.1582439631534363 0.5151515151515151 38.359165499841794 44.0
66 66 16.0 0.766114113093022 0.5083333333333333 29.575133425308263 30.0
67 67 43.0 2.369054929713594 0.49612403100775193 125.0612724189625 42.0
